Website: altoAdige Range: 4
****************************************
[0] -> [0]
[22, 23, 45, 24, 46, 25, 26, 48, 27, 49, 28, 51, 30, 52, 31, 53, 32, 54, 33, 55, 12, 34, 13, 35, 14, 36, 15, 37, 59, 16, 38, 39, 19, 40, 41, 20, 42, 21, 43] -> [22, 45, 46, 24, 25, 48, 26, 49, 27, 28, 51, 52, 30, 31, 53, 54, 32, 55, 33, 12, 34, 13, 35, 14, 36, 59, 15, 37, 16, 19, 40, 41, 20, 42, 43, 21]
[11, 2, 4, 5, 6, 7, 8, 9, 10] -> [6, 8]
Average: Precision: 1.0   Recall: 0.71509975
Average F1: 0.83388704
RANKING PARTIZIONE: 70.0
****************************************
****************************************
[0] -> [0]
[22, 23, 45, 24, 46, 25, 26, 48, 27, 49, 28, 51, 30, 52, 31, 53, 32, 54, 33, 55, 12, 34, 13, 35, 14, 36, 15, 37, 59, 16, 38, 39, 19, 40, 41, 20, 42, 21, 43] -> [22, 45, 46, 24, 25, 48, 26, 49, 27, 28, 51, 52, 30, 31, 53, 54, 32, 55, 33, 12, 34, 13, 35, 14, 36, 59, 15, 37, 16, 19, 40, 41, 20, 42, 43, 21]
[11, 2, 4, 5, 6, 7, 8, 9, 10] -> [2, 8]
Average: Precision: 1.0   Recall: 0.71509975
Average F1: 0.83388704
RANKING PARTIZIONE: 60.0
****************************************
****************************************
[0] -> [0]
[22, 23, 45, 24, 46, 25, 26, 48, 27, 49, 28, 51, 30, 52, 31, 53, 32, 54, 33, 55, 12, 34, 13, 35, 14, 36, 15, 37, 59, 16, 38, 39, 19, 40, 41, 20, 42, 21, 43] -> [22, 45, 46, 24, 25, 48, 26, 49, 27, 28, 51, 52, 30, 31, 53, 54, 32, 55, 33, 12, 34, 13, 35, 14, 36, 59, 15, 37, 16, 19, 40, 41, 20, 42, 43, 21]
[11, 2, 4, 5, 6, 7, 8, 9, 10] -> [7, 8]
Average: Precision: 1.0   Recall: 0.71509975
Average F1: 0.83388704
RANKING PARTIZIONE: 60.0
****************************************
****************************************
[0] -> [0]
[22, 23, 45, 24, 46, 25, 26, 48, 27, 49, 28, 51, 30, 52, 31, 53, 32, 54, 33, 55, 12, 34, 13, 35, 14, 36, 15, 37, 59, 16, 38, 39, 19, 40, 41, 20, 42, 21, 43] -> [55, 12, 45, 34, 35, 37, 48, 16, 49, 38, 51, 53, 42, 43, 54]
[11, 2, 4, 5, 6, 7, 8, 9, 10] -> [6, 8]
Average: Precision: 1.0   Recall: 0.5356125
Average F1: 0.6975881
RANKING PARTIZIONE: 40.0
****************************************
****************************************
[0] -> [0]
[22, 23, 45, 24, 46, 25, 26, 48, 27, 49, 28, 51, 30, 52, 31, 53, 32, 54, 33, 55, 12, 34, 13, 35, 14, 36, 15, 37, 59, 16, 38, 39, 19, 40, 41, 20, 42, 21, 43] -> [55, 12, 45, 34, 35, 37, 48, 16, 49, 38, 51, 53, 42, 43, 54]
[11, 2, 4, 5, 6, 7, 8, 9, 10] -> [2, 8]
Average: Precision: 1.0   Recall: 0.5356125
Average F1: 0.6975881
RANKING PARTIZIONE: 40.0
****************************************
****************************************
[0] -> [0]
[22, 23, 45, 24, 46, 25, 26, 48, 27, 49, 28, 51, 30, 52, 31, 53, 32, 54, 33, 55, 12, 34, 13, 35, 14, 36, 15, 37, 59, 16, 38, 39, 19, 40, 41, 20, 42, 21, 43] -> [55, 12, 45, 34, 35, 37, 48, 16, 49, 38, 51, 53, 42, 43, 54]
[11, 2, 4, 5, 6, 7, 8, 9, 10] -> [7]
Average: Precision: 1.0   Recall: 0.49857554
Average F1: 0.66539925
RANKING PARTIZIONE: 40.0
****************************************
****************************************
[0] -> [0]
[22, 23, 45, 24, 46, 25, 26, 48, 27, 49, 28, 51, 30, 52, 31, 53, 32, 54, 33, 55, 12, 34, 13, 35, 14, 36, 15, 37, 59, 16, 38, 39, 19, 40, 41, 20, 42, 21, 43] -> [55, 33, 34, 46, 35, 14, 36, 15, 37, 49, 38, 39, 41, 31, 42, 32, 21, 43]
[11, 2, 4, 5, 6, 7, 8, 9, 10] -> [2, 8]
Average: Precision: 1.0   Recall: 0.56125355
Average F1: 0.7189781
RANKING PARTIZIONE: 40.0
****************************************
****************************************
[0] -> [0]
[22, 23, 45, 24, 46, 25, 26, 48, 27, 49, 28, 51, 30, 52, 31, 53, 32, 54, 33, 55, 12, 34, 13, 35, 14, 36, 15, 37, 59, 16, 38, 39, 19, 40, 41, 20, 42, 21, 43] -> [55, 12, 45, 34, 23, 35, 37, 48, 26, 16, 49, 38, 28, 39, 19, 51, 53, 42, 43, 54]
[11, 2, 4, 5, 6, 7, 8, 9, 10] -> [6, 8]
Average: Precision: 1.0   Recall: 0.57834756
Average F1: 0.732852
RANKING PARTIZIONE: 40.0
****************************************
****************************************
[0] -> [0]
[22, 23, 45, 24, 46, 25, 26, 48, 27, 49, 28, 51, 30, 52, 31, 53, 32, 54, 33, 55, 12, 34, 13, 35, 14, 36, 15, 37, 59, 16, 38, 39, 19, 40, 41, 20, 42, 21, 43] -> [55, 12, 45, 34, 23, 35, 37, 48, 26, 16, 49, 38, 28, 39, 19, 51, 53, 42, 43, 54]
[11, 2, 4, 5, 6, 7, 8, 9, 10] -> [2, 8]
Average: Precision: 1.0   Recall: 0.57834756
Average F1: 0.732852
RANKING PARTIZIONE: 40.0
****************************************
****************************************
[0] -> [0]
[22, 23, 45, 24, 46, 25, 26, 48, 27, 49, 28, 51, 30, 52, 31, 53, 32, 54, 33, 55, 12, 34, 13, 35, 14, 36, 15, 37, 59, 16, 38, 39, 19, 40, 41, 20, 42, 21, 43] -> [55, 12, 45, 34, 35, 37, 48, 16, 49, 38, 51, 53, 42, 43, 54]
[11, 2, 4, 5, 6, 7, 8, 9, 10] -> [6, 8]
Average: Precision: 1.0   Recall: 0.5356125
Average F1: 0.6975881
RANKING PARTIZIONE: 40.0
****************************************
****************************************
[0] -> [0]
[22, 23, 45, 24, 46, 25, 26, 48, 27, 49, 28, 51, 30, 52, 31, 53, 32, 54, 33, 55, 12, 34, 13, 35, 14, 36, 15, 37, 59, 16, 38, 39, 19, 40, 41, 20, 42, 21, 43] -> [55, 12, 45, 34, 35, 37, 48, 16, 49, 38, 51, 53, 42, 43, 54]
[11, 2, 4, 5, 6, 7, 8, 9, 10] -> [2, 8]
Average: Precision: 1.0   Recall: 0.5356125
Average F1: 0.6975881
RANKING PARTIZIONE: 40.0
****************************************
****************************************
[0] -> [0]
[22, 23, 45, 24, 46, 25, 26, 48, 27, 49, 28, 51, 30, 52, 31, 53, 32, 54, 33, 55, 12, 34, 13, 35, 14, 36, 15, 37, 59, 16, 38, 39, 19, 40, 41, 20, 42, 21, 43] -> [55, 13, 15, 48, 30, 52, 53, 42, 32, 54]
[11, 2, 4, 5, 6, 7, 8, 9, 10] -> [6, 8]
Average: Precision: 1.0   Recall: 0.49287748
Average F1: 0.6603053
RANKING PARTIZIONE: 40.0
****************************************
****************************************
[0] -> [0]
[22, 23, 45, 24, 46, 25, 26, 48, 27, 49, 28, 51, 30, 52, 31, 53, 32, 54, 33, 55, 12, 34, 13, 35, 14, 36, 15, 37, 59, 16, 38, 39, 19, 40, 41, 20, 42, 21, 43] -> [55, 13, 15, 48, 30, 52, 53, 42, 32, 54]
[11, 2, 4, 5, 6, 7, 8, 9, 10] -> [2, 8]
Average: Precision: 1.0   Recall: 0.49287748
Average F1: 0.6603053
RANKING PARTIZIONE: 40.0
****************************************
****************************************
[0] -> [0]
[22, 23, 45, 24, 46, 25, 26, 48, 27, 49, 28, 51, 30, 52, 31, 53, 32, 54, 33, 55, 12, 34, 13, 35, 14, 36, 15, 37, 59, 16, 38, 39, 19, 40, 41, 20, 42, 21, 43] -> [23, 26, 28, 19]
[11, 2, 4, 5, 6, 7, 8, 9, 10] -> [6, 8]
Average: Precision: 1.0   Recall: 0.44159544
Average F1: 0.6126482
RANKING PARTIZIONE: 40.0
****************************************
****************************************
[0] -> [0]
[22, 23, 45, 24, 46, 25, 26, 48, 27, 49, 28, 51, 30, 52, 31, 53, 32, 54, 33, 55, 12, 34, 13, 35, 14, 36, 15, 37, 59, 16, 38, 39, 19, 40, 41, 20, 42, 21, 43] -> [23, 26, 28, 19]
[11, 2, 4, 5, 6, 7, 8, 9, 10] -> [2, 8]
Average: Precision: 1.0   Recall: 0.44159544
Average F1: 0.6126482
RANKING PARTIZIONE: 40.0
****************************************
****************************************
[0] -> [0]
[22, 23, 45, 24, 46, 25, 26, 48, 27, 49, 28, 51, 30, 52, 31, 53, 32, 54, 33, 55, 12, 34, 13, 35, 14, 36, 15, 37, 59, 16, 38, 39, 19, 40, 41, 20, 42, 21, 43] -> [55, 12, 45, 34, 35, 37, 48, 16, 49, 38, 51, 53, 42, 43, 54]
[11, 2, 4, 5, 6, 7, 8, 9, 10] -> [7, 8]
Average: Precision: 1.0   Recall: 0.5356125
Average F1: 0.6975881
RANKING PARTIZIONE: 40.0
****************************************
****************************************
[0] -> [0]
[22, 23, 45, 24, 46, 25, 26, 48, 27, 49, 28, 51, 30, 52, 31, 53, 32, 54, 33, 55, 12, 34, 13, 35, 14, 36, 15, 37, 59, 16, 38, 39, 19, 40, 41, 20, 42, 21, 43] -> [55, 13, 15, 48, 30, 52, 53, 42, 32, 54]
[11, 2, 4, 5, 6, 7, 8, 9, 10] -> [7, 8]
Average: Precision: 1.0   Recall: 0.49287748
Average F1: 0.6603053
RANKING PARTIZIONE: 40.0
****************************************
****************************************
[0] -> [0]
[22, 23, 45, 24, 46, 25, 26, 48, 27, 49, 28, 51, 30, 52, 31, 53, 32, 54, 33, 55, 12, 34, 13, 35, 14, 36, 15, 37, 59, 16, 38, 39, 19, 40, 41, 20, 42, 21, 43] -> [55, 33, 34, 46, 35, 14, 36, 15, 37, 49, 38, 39, 41, 31, 42, 32, 21, 43]
[11, 2, 4, 5, 6, 7, 8, 9, 10] -> [7, 8]
Average: Precision: 1.0   Recall: 0.56125355
Average F1: 0.7189781
RANKING PARTIZIONE: 40.0
****************************************
****************************************
[0] -> [0]
[22, 23, 45, 24, 46, 25, 26, 48, 27, 49, 28, 51, 30, 52, 31, 53, 32, 54, 33, 55, 12, 34, 13, 35, 14, 36, 15, 37, 59, 16, 38, 39, 19, 40, 41, 20, 42, 21, 43] -> [55, 13, 15, 48, 30, 52, 53, 42, 32, 54]
[11, 2, 4, 5, 6, 7, 8, 9, 10] -> [7, 8]
Average: Precision: 1.0   Recall: 0.49287748
Average F1: 0.6603053
RANKING PARTIZIONE: 40.0
****************************************
****************************************
[0] -> [0]
[22, 23, 45, 24, 46, 25, 26, 48, 27, 49, 28, 51, 30, 52, 31, 53, 32, 54, 33, 55, 12, 34, 13, 35, 14, 36, 15, 37, 59, 16, 38, 39, 19, 40, 41, 20, 42, 21, 43] -> [55, 33, 34, 46, 35, 14, 36, 15, 37, 49, 38, 39, 41, 31, 42, 32, 21, 43]
[11, 2, 4, 5, 6, 7, 8, 9, 10] -> [7, 8]
Average: Precision: 1.0   Recall: 0.56125355
Average F1: 0.7189781
RANKING PARTIZIONE: 40.0
****************************************
****************************************
[0] -> [0]
[22, 23, 45, 24, 46, 25, 26, 48, 27, 49, 28, 51, 30, 52, 31, 53, 32, 54, 33, 55, 12, 34, 13, 35, 14, 36, 15, 37, 59, 16, 38, 39, 19, 40, 41, 20, 42, 21, 43] -> [55, 12, 45, 34, 23, 35, 37, 48, 26, 16, 49, 38, 28, 39, 19, 51, 53, 42, 43, 54]
[11, 2, 4, 5, 6, 7, 8, 9, 10] -> [7, 8]
Average: Precision: 1.0   Recall: 0.57834756
Average F1: 0.732852
RANKING PARTIZIONE: 40.0
****************************************
****************************************
[0] -> [0]
[22, 23, 45, 24, 46, 25, 26, 48, 27, 49, 28, 51, 30, 52, 31, 53, 32, 54, 33, 55, 12, 34, 13, 35, 14, 36, 15, 37, 59, 16, 38, 39, 19, 40, 41, 20, 42, 21, 43] -> [55, 33, 34, 46, 35, 14, 36, 15, 37, 49, 38, 39, 41, 31, 42, 32, 21, 43]
[11, 2, 4, 5, 6, 7, 8, 9, 10] -> [6, 8]
Average: Precision: 1.0   Recall: 0.56125355
Average F1: 0.7189781
RANKING PARTIZIONE: 40.0
****************************************
****************************************
[0] -> [0]
[22, 23, 45, 24, 46, 25, 26, 48, 27, 49, 28, 51, 30, 52, 31, 53, 32, 54, 33, 55, 12, 34, 13, 35, 14, 36, 15, 37, 59, 16, 38, 39, 19, 40, 41, 20, 42, 21, 43] -> [55, 33, 34, 46, 35, 14, 36, 15, 37, 49, 38, 39, 41, 31, 42, 32, 21, 43]
[11, 2, 4, 5, 6, 7, 8, 9, 10] -> [2, 8]
Average: Precision: 1.0   Recall: 0.56125355
Average F1: 0.7189781
RANKING PARTIZIONE: 40.0
****************************************
****************************************
[0] -> [0]
[22, 23, 45, 24, 46, 25, 26, 48, 27, 49, 28, 51, 30, 52, 31, 53, 32, 54, 33, 55, 12, 34, 13, 35, 14, 36, 15, 37, 59, 16, 38, 39, 19, 40, 41, 20, 42, 21, 43] -> [55, 33, 34, 46, 35, 14, 36, 15, 37, 49, 38, 39, 41, 31, 42, 32, 21, 43]
[11, 2, 4, 5, 6, 7, 8, 9, 10] -> [6, 8]
Average: Precision: 1.0   Recall: 0.56125355
Average F1: 0.7189781
RANKING PARTIZIONE: 40.0
****************************************
****************************************
[0] -> [0]
[22, 23, 45, 24, 46, 25, 26, 48, 27, 49, 28, 51, 30, 52, 31, 53, 32, 54, 33, 55, 12, 34, 13, 35, 14, 36, 15, 37, 59, 16, 38, 39, 19, 40, 41, 20, 42, 21, 43] -> [55, 13, 15, 48, 30, 52, 53, 42, 32, 54]
[11, 2, 4, 5, 6, 7, 8, 9, 10] -> [6, 8]
Average: Precision: 1.0   Recall: 0.49287748
Average F1: 0.6603053
RANKING PARTIZIONE: 40.0
****************************************
****************************************
[0] -> [0]
[22, 23, 45, 24, 46, 25, 26, 48, 27, 49, 28, 51, 30, 52, 31, 53, 32, 54, 33, 55, 12, 34, 13, 35, 14, 36, 15, 37, 59, 16, 38, 39, 19, 40, 41, 20, 42, 21, 43] -> [55, 13, 15, 48, 30, 52, 53, 42, 32, 54]
[11, 2, 4, 5, 6, 7, 8, 9, 10] -> [2, 8]
Average: Precision: 1.0   Recall: 0.49287748
Average F1: 0.6603053
RANKING PARTIZIONE: 40.0
****************************************
EXECUTION TIME: 280 seconds