Website: basilicataNotizie Range: 4
****************************************
[0] -> [11, 12, 13, 0, 1, 2, 3, 4, 5, 6, 7, 8, 9, 10]
[22, 44, 23, 45, 24, 46, 25, 47, 26, 48, 27, 49, 28, 29, 50, 30, 31, 32, 33, 34, 35, 14, 36, 15, 37, 16, 38, 17, 39, 18, 19, 40, 41, 20, 42, 21, 43] -> [50]
[11, 12, 13, 1, 2, 3, 4, 5, 6, 7, 8, 9, 10] -> [39]
Average: Precision: 0.35714284   Recall: 0.34234235
Average F1: 0.349586
RANKING PARTIZIONE: 120.0
****************************************
****************************************
[0] -> [11, 12, 13, 0, 1, 2, 3, 4, 5, 6, 7, 8, 9, 10]
[22, 44, 23, 45, 24, 46, 25, 47, 26, 48, 27, 49, 28, 29, 50, 30, 31, 32, 33, 34, 35, 14, 36, 15, 37, 16, 38, 17, 39, 18, 19, 40, 41, 20, 42, 21, 43] -> [22, 33, 23, 45, 25, 48, 16, 39, 18, 19, 30]
[11, 12, 13, 1, 2, 3, 4, 5, 6, 7, 8, 9, 10] -> [50]
Average: Precision: 0.35714284   Recall: 0.4324324
Average F1: 0.39119804
RANKING PARTIZIONE: 110.0
****************************************
****************************************
[0] -> [11, 12, 13, 0, 1, 2, 3, 4, 5, 6, 7, 8, 9, 10]
[22, 44, 23, 45, 24, 46, 25, 47, 26, 48, 27, 49, 28, 29, 50, 30, 31, 32, 33, 34, 35, 14, 36, 15, 37, 16, 38, 17, 39, 18, 19, 40, 41, 20, 42, 21, 43] -> [44, 23, 46, 36, 14, 48, 37, 27, 49, 18, 50, 40, 31, 20, 21, 32]
[11, 12, 13, 1, 2, 3, 4, 5, 6, 7, 8, 9, 10] -> [33]
Average: Precision: 0.35714284   Recall: 0.47747746
Average F1: 0.4086353
RANKING PARTIZIONE: 110.0
****************************************
EXECUTION TIME: 385 seconds