Website: casertaWeb Range: 4
****************************************
[44, 45, 46, 25, 47, 26, 48, 27, 49, 28, 50, 51, 30, 52, 31, 53, 32, 54, 33, 35, 36, 37, 38, 40, 41, 42, 43] -> [33, 44, 45, 35, 46, 25, 47, 36, 37, 48, 27, 49, 38, 28, 50, 40, 51, 52, 31, 53, 42, 54, 32]
[0, 23] -> [0, 23]
[22, 24, 29, 10, 11, 12, 34, 13, 14, 15, 16, 17, 39, 18, 19, 1, 2, 3, 4, 5, 6, 7, 8, 9, 20, 21] -> [34]
Average: Precision: 1.0   Recall: 0.6301045
Average F1: 0.77308476
RANKING PARTIZIONE: 210.0
****************************************
****************************************
[44, 45, 46, 25, 47, 26, 48, 27, 49, 28, 50, 51, 30, 52, 31, 53, 32, 54, 33, 35, 36, 37, 38, 40, 41, 42, 43] -> [33, 44, 45, 35, 46, 25, 47, 36, 37, 48, 27, 49, 38, 28, 50, 40, 51, 52, 31, 53, 42, 54, 32]
[0, 23] -> [0]
[22, 24, 29, 10, 11, 12, 34, 13, 14, 15, 16, 17, 39, 18, 19, 1, 2, 3, 4, 5, 6, 7, 8, 9, 20, 21] -> [34]
Average: Precision: 1.0   Recall: 0.46343783
Average F1: 0.633355
RANKING PARTIZIONE: 210.0
****************************************
****************************************
[44, 45, 46, 25, 47, 26, 48, 27, 49, 28, 50, 51, 30, 52, 31, 53, 32, 54, 33, 35, 36, 37, 38, 40, 41, 42, 43] -> [11, 33, 44, 45, 35, 46, 25, 47, 36, 37, 48, 27, 49, 38, 28, 50, 40, 51, 52, 31, 53, 42, 54, 32]
[0, 23] -> [0]
[22, 24, 29, 10, 11, 12, 34, 13, 14, 15, 16, 17, 39, 18, 19, 1, 2, 3, 4, 5, 6, 7, 8, 9, 20, 21] -> [34]
Average: Precision: 0.9861111   Recall: 0.46343783
Average F1: 0.6305426
RANKING PARTIZIONE: 210.0
****************************************
****************************************
[44, 45, 46, 25, 47, 26, 48, 27, 49, 28, 50, 51, 30, 52, 31, 53, 32, 54, 33, 35, 36, 37, 38, 40, 41, 42, 43] -> [11, 33, 44, 45, 35, 46, 25, 47, 36, 37, 48, 27, 49, 38, 28, 50, 40, 51, 52, 31, 53, 42, 54, 32]
[0, 23] -> [0, 23]
[22, 24, 29, 10, 11, 12, 34, 13, 14, 15, 16, 17, 39, 18, 19, 1, 2, 3, 4, 5, 6, 7, 8, 9, 20, 21] -> [34]
Average: Precision: 0.9861111   Recall: 0.6301045
Average F1: 0.7688987
RANKING PARTIZIONE: 200.0
****************************************
****************************************
[44, 45, 46, 25, 47, 26, 48, 27, 49, 28, 50, 51, 30, 52, 31, 53, 32, 54, 33, 35, 36, 37, 38, 40, 41, 42, 43] -> [44, 45, 23, 46, 25, 47, 48, 49, 27, 28, 50, 51, 52, 31, 53, 54, 32, 11, 33, 35, 36, 37, 38, 0, 40, 42]
[0, 23] -> [26]
[22, 24, 29, 10, 11, 12, 34, 13, 14, 15, 16, 17, 39, 18, 19, 1, 2, 3, 4, 5, 6, 7, 8, 9, 20, 21] -> [34]
Average: Precision: 0.6282051   Recall: 0.29677114
Average F1: 0.40310907
RANKING PARTIZIONE: 200.0
****************************************
****************************************
[44, 45, 46, 25, 47, 26, 48, 27, 49, 28, 50, 51, 30, 52, 31, 53, 32, 54, 33, 35, 36, 37, 38, 40, 41, 42, 43] -> [33, 44, 25, 47, 36, 48, 26, 27, 38, 31, 43, 32]
[0, 23] -> [0]
[22, 24, 29, 10, 11, 12, 34, 13, 14, 15, 16, 17, 39, 18, 19, 1, 2, 3, 4, 5, 6, 7, 8, 9, 20, 21] -> [34]
Average: Precision: 1.0   Recall: 0.32763532
Average F1: 0.49356222
RANKING PARTIZIONE: 180.0
****************************************
****************************************
[44, 45, 46, 25, 47, 26, 48, 27, 49, 28, 50, 51, 30, 52, 31, 53, 32, 54, 33, 35, 36, 37, 38, 40, 41, 42, 43] -> [33, 25, 26, 49, 50, 52, 53, 32]
[0, 23] -> [0]
[22, 24, 29, 10, 11, 12, 34, 13, 14, 15, 16, 17, 39, 18, 19, 1, 2, 3, 4, 5, 6, 7, 8, 9, 20, 21] -> [34]
Average: Precision: 1.0   Recall: 0.27825263
Average F1: 0.43536407
RANKING PARTIZIONE: 180.0
****************************************
EXECUTION TIME: 507 seconds