Website: castelliNotizie Range: 4
****************************************
[0] -> [0]
[23, 24, 46, 25, 48, 27, 28, 29, 50, 30, 31, 32, 34, 35, 79, 36, 58, 37, 59, 17, 19, 80, 81, 62, 41, 63, 20, 42, 64] -> [22, 67, 23, 24, 46, 68, 25, 48, 49, 27, 28, 29, 71, 50, 72, 30, 31, 75, 76, 10, 32, 11, 12, 34, 79, 13, 35, 36, 58, 59, 37, 15, 17, 19, 3, 5, 6, 7, 80, 8, 81, 9, 62, 63, 41, 20, 64, 42]
[11, 22, 12, 67, 13, 68, 15, 49, 3, 5, 6, 7, 8, 9, 71, 72, 75, 10, 76] -> []
Average: Precision: 0.53472227   Recall: 0.6666667
Average F1: 0.593449
RANKING PARTIZIONE: 300.0
****************************************
****************************************
[0] -> [0]
[23, 24, 46, 25, 48, 27, 28, 29, 50, 30, 31, 32, 34, 35, 79, 36, 58, 37, 59, 17, 19, 80, 81, 62, 41, 63, 20, 42, 64] -> [23, 24, 46, 25, 48, 27, 28, 29, 50, 30, 31, 32, 34, 79, 35, 36, 58, 59, 37, 17, 19, 81, 62, 63, 41, 20, 64, 42]
[11, 22, 12, 67, 13, 68, 15, 49, 3, 5, 6, 7, 8, 9, 71, 72, 75, 10, 76] -> [22, 11, 12, 13, 68, 15, 49, 3, 5, 6, 7, 8, 9, 71, 72, 75, 10, 76]
Average: Precision: 1.0   Recall: 0.97096187
Average F1: 0.98526704
RANKING PARTIZIONE: 210.0
****************************************
****************************************
[0] -> [0]
[23, 24, 46, 25, 48, 27, 28, 29, 50, 30, 31, 32, 34, 35, 79, 36, 58, 37, 59, 17, 19, 80, 81, 62, 41, 63, 20, 42, 64] -> [23, 24, 46, 25, 48, 27, 28, 29, 50, 30, 31, 32, 34, 79, 35, 36, 58, 59, 37, 17, 19, 81, 62, 63, 41, 20, 64, 42]
[11, 22, 12, 67, 13, 68, 15, 49, 3, 5, 6, 7, 8, 9, 71, 72, 75, 10, 76] -> [22, 11, 12, 67, 13, 15, 49, 3, 5, 6, 7, 8, 9, 10]
Average: Precision: 1.0   Recall: 0.90078646
Average F1: 0.947804
RANKING PARTIZIONE: 190.0
****************************************
EXECUTION TIME: 484 seconds