Website: ecoFarma Range: 4
****************************************
[0] -> [0]
[60] -> [45, 23, 46, 25, 47, 51, 30, 53, 54, 10, 32, 11, 55, 12, 56, 57, 58, 36, 59, 16, 17, 100, 4, 5, 8, 9, 60, 40, 43]
[23, 45, 46, 25, 47, 51, 30, 53, 10, 32, 54, 11, 55, 12, 56, 57, 36, 58, 59, 16, 17, 100, 4, 5, 8, 9, 40, 43] -> [89]
[99, 78, 89, 79, 92, 82, 93, 94, 84, 85, 86, 97, 76, 87, 98] -> [99, 92, 93, 82, 94, 84, 97, 86, 87, 98]
Average: Precision: 0.5086207   Recall: 0.6666667
Average F1: 0.57701707
RANKING PARTIZIONE: 750.0
****************************************
****************************************
[0] -> [0]
[60] -> [45, 23, 46, 25, 47, 51, 30, 53, 54, 10, 32, 11, 55, 12, 56, 57, 58, 36, 59, 16, 17, 100, 4, 5, 8, 9, 60, 40, 43]
[23, 45, 46, 25, 47, 51, 30, 53, 10, 32, 54, 11, 55, 12, 56, 57, 36, 58, 59, 16, 17, 100, 4, 5, 8, 9, 40, 43] -> [99, 89, 79, 92, 82, 93, 94, 84, 85, 86, 97, 87, 98, 76]
[99, 78, 89, 79, 92, 82, 93, 94, 84, 85, 86, 97, 76, 87, 98] -> [78]
Average: Precision: 0.5086207   Recall: 0.51666665
Average F1: 0.51261204
RANKING PARTIZIONE: 690.0
****************************************
****************************************
[0] -> [0]
[60] -> [45, 23, 46, 25, 47, 51, 30, 53, 54, 10, 32, 11, 55, 12, 56, 57, 58, 36, 59, 16, 17, 100, 4, 5, 8, 9, 60, 40, 43]
[23, 45, 46, 25, 47, 51, 30, 53, 10, 32, 54, 11, 55, 12, 56, 57, 36, 58, 59, 16, 17, 100, 4, 5, 8, 9, 40, 43] -> [89]
[99, 78, 89, 79, 92, 82, 93, 94, 84, 85, 86, 97, 76, 87, 98] -> [99, 78, 94, 85, 86, 87, 98]
Average: Precision: 0.5086207   Recall: 0.6166667
Average F1: 0.5574566
RANKING PARTIZIONE: 680.0
****************************************
****************************************
[0] -> [0]
[60] -> [45, 23, 46, 25, 47, 51, 30, 53, 54, 10, 32, 11, 55, 12, 56, 57, 58, 36, 59, 16, 17, 100, 4, 5, 8, 9, 60, 40, 43]
[23, 45, 46, 25, 47, 51, 30, 53, 10, 32, 54, 11, 55, 12, 56, 57, 36, 58, 59, 16, 17, 100, 4, 5, 8, 9, 40, 43] -> [78]
[99, 78, 89, 79, 92, 82, 93, 94, 84, 85, 86, 97, 76, 87, 98] -> [99, 89, 92, 82, 93, 94, 84, 85, 86, 97, 87, 98, 76]
Average: Precision: 0.5086207   Recall: 0.7166667
Average F1: 0.5949812
RANKING PARTIZIONE: 680.0
****************************************
EXECUTION TIME: 922 seconds