Website: gDS Range: 4
****************************************
[0] -> [0]
[1] -> [1]
[12, 14] -> [44, 45, 46, 47, 48, 49, 50, 51, 52, 53, 10, 32, 54, 11, 33, 12, 34, 35, 36, 14, 15, 37, 38, 16, 39, 3, 4, 5, 6, 7, 8, 9, 40, 41, 42, 43]
[2, 13] -> [2]
[22, 23, 24, 25, 26, 27, 17, 28, 18, 29, 19, 30, 20, 31, 21] -> [22, 23, 24, 25, 26, 27, 28, 17, 18, 29, 19, 30, 20, 31, 21]
[44, 45, 46, 47, 48, 49, 50, 51, 52, 53, 10, 32, 54, 11, 33, 34, 35, 36, 15, 37, 16, 38, 39, 3, 4, 5, 6, 7, 8, 9, 40, 41, 42, 43] -> [13]
Average: Precision: 0.6759259   Recall: 0.75
Average F1: 0.7110389
RANKING PARTIZIONE: 170.0
****************************************
****************************************
[0] -> [0]
[1] -> [1]
[12, 14] -> [44, 45, 46, 47, 48, 49, 50, 51, 52, 53, 10, 54, 11, 12, 14, 15, 16, 17, 18, 19, 3, 4, 5, 6, 7, 8, 9, 20, 21, 22, 24, 25, 26, 28, 29, 30, 31, 32, 33, 34, 35, 36, 37, 38, 39, 40, 41, 42, 43]
[2, 13] -> [2]
[22, 23, 24, 25, 26, 27, 17, 28, 18, 29, 19, 30, 20, 31, 21] -> [27]
[44, 45, 46, 47, 48, 49, 50, 51, 52, 53, 10, 32, 54, 11, 33, 34, 35, 36, 15, 37, 16, 38, 39, 3, 4, 5, 6, 7, 8, 9, 40, 41, 42, 43] -> [23]
Average: Precision: 0.67346936   Recall: 0.59444445
Average F1: 0.6314942
RANKING PARTIZIONE: 130.0
****************************************
****************************************
[0] -> [0]
[1] -> [1]
[12, 14] -> [44, 45, 46, 47, 48, 49, 50, 51, 52, 53, 10, 32, 54, 11, 33, 12, 34, 35, 36, 14, 15, 37, 38, 16, 39, 3, 4, 5, 6, 7, 8, 9, 40, 41, 42, 43]
[2, 13] -> [2]
[22, 23, 24, 25, 26, 27, 17, 28, 18, 29, 19, 30, 20, 31, 21] -> [28, 17, 18, 29, 30, 20, 31]
[44, 45, 46, 47, 48, 49, 50, 51, 52, 53, 10, 32, 54, 11, 33, 34, 35, 36, 15, 37, 16, 38, 39, 3, 4, 5, 6, 7, 8, 9, 40, 41, 42, 43] -> [27]
Average: Precision: 0.6759259   Recall: 0.6611111
Average F1: 0.6684364
RANKING PARTIZIONE: 70.0
****************************************
EXECUTION TIME: 474 seconds