Website: laSpesaCasa Range: 4
****************************************
[0] -> [0]
[44, 88, 23, 89, 29, 115, 116, 90, 91, 118, 50, 30, 74, 31, 75, 76, 13, 35, 79, 14, 36, 15, 16, 121, 8, 80, 9, 60, 61, 40, 62, 41, 63, 85, 20, 64, 65] -> [88, 44, 89, 23, 29, 115, 116, 90, 91, 118, 50, 30, 74, 75, 31, 76, 79, 35, 13, 36, 14, 15, 16, 121, 8, 80, 9, 60, 61, 62, 40, 63, 41, 85, 20, 86, 64, 65, 87]
[86, 87] -> []
Average: Precision: 0.6495727   Recall: 0.6666667
Average F1: 0.6580087
RANKING PARTIZIONE: 220.0
****************************************
****************************************
[0] -> [0]
[44, 88, 23, 89, 29, 115, 116, 90, 91, 118, 50, 30, 74, 31, 75, 76, 13, 35, 79, 14, 36, 15, 16, 121, 8, 80, 9, 60, 61, 40, 62, 41, 63, 85, 20, 64, 65] -> [88, 44, 89, 23, 29, 115, 116, 90, 91, 118, 50, 30, 74, 75, 31, 76, 79, 35, 13, 36, 14, 15, 16, 121, 8, 80, 9, 60, 61, 62, 40, 63, 41, 85, 20, 64, 65]
[86, 87] -> [86]
Average: Precision: 1.0   Recall: 0.8333333
Average F1: 0.90909094
RANKING PARTIZIONE: 100.0
****************************************
****************************************
[0] -> [0]
[44, 88, 23, 89, 29, 115, 116, 90, 91, 118, 50, 30, 74, 31, 75, 76, 13, 35, 79, 14, 36, 15, 16, 121, 8, 80, 9, 60, 61, 40, 62, 41, 63, 85, 20, 64, 65] -> [88, 23, 89, 79, 13, 29, 116, 90, 91, 80, 9, 60, 61, 62, 41, 63, 85, 74, 75, 64, 76]
[86, 87] -> [86]
Average: Precision: 1.0   Recall: 0.6891892
Average F1: 0.816
RANKING PARTIZIONE: 60.0
****************************************
EXECUTION TIME: 229 seconds