Website: libreriaUniversitaria Range: 4
****************************************
[0] -> [0]
[1] -> [1]
[67, 24, 46, 68, 25, 47, 26, 48, 27, 49, 28, 29, 31, 53, 10, 32, 54, 11, 33, 34, 56, 13, 35, 58, 15, 37, 59, 16, 38, 17, 39, 18, 8, 9, 60, 61, 40, 62, 63, 20, 42, 64, 43] -> [67, 24, 68, 46, 25, 47, 26, 48, 27, 49, 28, 29, 53, 31, 10, 32, 54, 33, 11, 56, 34, 13, 35, 58, 15, 59, 37, 16, 38, 39, 17, 18, 8, 9, 60, 61, 40, 62, 63, 20, 42, 64, 43]
Average: Precision: 1.0   Recall: 1.0
Average F1: 1.0
RANKING PARTIZIONE: 140.0
****************************************
****************************************
[0] -> [0]
[1] -> [1]
[67, 24, 46, 68, 25, 47, 26, 48, 27, 49, 28, 29, 31, 53, 10, 32, 54, 11, 33, 34, 56, 13, 35, 58, 15, 37, 59, 16, 38, 17, 39, 18, 8, 9, 60, 61, 40, 62, 63, 20, 42, 64, 43] -> [24, 17, 61, 40]
Average: Precision: 1.0   Recall: 0.69767445
Average F1: 0.82191783
RANKING PARTIZIONE: 20.0
****************************************
****************************************
[0] -> [0]
[1] -> [1]
[67, 24, 46, 68, 25, 47, 26, 48, 27, 49, 28, 29, 31, 53, 10, 32, 54, 11, 33, 34, 56, 13, 35, 58, 15, 37, 59, 16, 38, 17, 39, 18, 8, 9, 60, 61, 40, 62, 63, 20, 42, 64, 43] -> [11, 56, 24, 48, 61, 10]
Average: Precision: 1.0   Recall: 0.71317834
Average F1: 0.8325792
RANKING PARTIZIONE: 10.0
****************************************
****************************************
[0] -> [0]
[1] -> [1]
[67, 24, 46, 68, 25, 47, 26, 48, 27, 49, 28, 29, 31, 53, 10, 32, 54, 11, 33, 34, 56, 13, 35, 58, 15, 37, 59, 16, 38, 17, 39, 18, 8, 9, 60, 61, 40, 62, 63, 20, 42, 64, 43] -> [34, 24, 13, 17, 18, 40]
Average: Precision: 1.0   Recall: 0.71317834
Average F1: 0.8325792
RANKING PARTIZIONE: 10.0
****************************************
****************************************
[0] -> [0]
[1] -> [1]
[67, 24, 46, 68, 25, 47, 26, 48, 27, 49, 28, 29, 31, 53, 10, 32, 54, 11, 33, 34, 56, 13, 35, 58, 15, 37, 59, 16, 38, 17, 39, 18, 8, 9, 60, 61, 40, 62, 63, 20, 42, 64, 43] -> [56, 68, 59, 49, 8, 60, 61, 42, 32]
Average: Precision: 1.0   Recall: 0.73643416
Average F1: 0.84821427
RANKING PARTIZIONE: 10.0
****************************************
****************************************
[0] -> [0]
[1] -> [1]
[67, 24, 46, 68, 25, 47, 26, 48, 27, 49, 28, 29, 31, 53, 10, 32, 54, 11, 33, 34, 56, 13, 35, 58, 15, 37, 59, 16, 38, 17, 39, 18, 8, 9, 60, 61, 40, 62, 63, 20, 42, 64, 43] -> [34, 24, 13, 47, 17, 18, 61, 40]
Average: Precision: 1.0   Recall: 0.7286822
Average F1: 0.84304935
RANKING PARTIZIONE: 10.0
****************************************
****************************************
[0] -> [0]
[1] -> [1]
[67, 24, 46, 68, 25, 47, 26, 48, 27, 49, 28, 29, 31, 53, 10, 32, 54, 11, 33, 34, 56, 13, 35, 58, 15, 37, 59, 16, 38, 17, 39, 18, 8, 9, 60, 61, 40, 62, 63, 20, 42, 64, 43] -> [11, 34, 13, 24, 25, 47, 15, 37, 26, 27, 49, 17, 28, 18, 29, 8, 9, 61, 40, 20, 10]
Average: Precision: 1.0   Recall: 0.82945734
Average F1: 0.9067797
RANKING PARTIZIONE: 10.0
****************************************
****************************************
[0] -> [0]
[1] -> [1]
[67, 24, 46, 68, 25, 47, 26, 48, 27, 49, 28, 29, 31, 53, 10, 32, 54, 11, 33, 34, 56, 13, 35, 58, 15, 37, 59, 16, 38, 17, 39, 18, 8, 9, 60, 61, 40, 62, 63, 20, 42, 64, 43] -> [34, 24, 13, 17, 18, 40]
Average: Precision: 1.0   Recall: 0.71317834
Average F1: 0.8325792
RANKING PARTIZIONE: 10.0
****************************************
****************************************
[0] -> [0]
[1] -> [1]
[67, 24, 46, 68, 25, 47, 26, 48, 27, 49, 28, 29, 31, 53, 10, 32, 54, 11, 33, 34, 56, 13, 35, 58, 15, 37, 59, 16, 38, 17, 39, 18, 8, 9, 60, 61, 40, 62, 63, 20, 42, 64, 43] -> [11, 56, 24, 48, 61, 42, 10]
Average: Precision: 1.0   Recall: 0.7209303
Average F1: 0.8378378
RANKING PARTIZIONE: 10.0
****************************************
EXECUTION TIME: 568 seconds