Website: marcheNotizie Range: 4
****************************************
[0] -> [0]
[11, 12, 3, 14, 4, 5, 16, 17, 18] -> [18]
[22, 44, 66, 45, 67, 24, 46, 25, 69, 26, 48, 49, 29, 70, 50, 51, 73, 30, 74, 31, 53, 32, 54, 78, 35, 57, 79, 36, 58, 38, 39, 60, 61, 40, 62, 63, 42, 64, 21, 43, 65] -> [22, 44, 45, 78, 67, 79, 46, 48, 49, 50, 73, 62, 30, 63, 64, 42]
Average: Precision: 1.0   Recall: 0.5004517
Average F1: 0.66706806
RANKING PARTIZIONE: 50.0
****************************************
****************************************
[0] -> [0]
[11, 12, 3, 14, 4, 5, 16, 17, 18] -> [18]
[22, 44, 66, 45, 67, 24, 46, 25, 69, 26, 48, 49, 29, 70, 50, 51, 73, 30, 74, 31, 53, 32, 54, 78, 35, 57, 79, 36, 58, 38, 39, 60, 61, 40, 62, 63, 42, 64, 21, 43, 65] -> [22, 44, 45, 78, 67, 79, 46, 48, 49, 50, 73, 62, 30, 63, 64]
Average: Precision: 1.0   Recall: 0.4923216
Average F1: 0.6598063
RANKING PARTIZIONE: 50.0
****************************************
****************************************
[0] -> [0]
[11, 12, 3, 14, 4, 5, 16, 17, 18] -> [18]
[22, 44, 66, 45, 67, 24, 46, 25, 69, 26, 48, 49, 29, 70, 50, 51, 73, 30, 74, 31, 53, 32, 54, 78, 35, 57, 79, 36, 58, 38, 39, 60, 61, 40, 62, 63, 42, 64, 21, 43, 65] -> [22, 44, 45, 78, 67, 79, 46, 48, 49, 50, 73, 62, 30, 63, 64, 42]
Average: Precision: 1.0   Recall: 0.5004517
Average F1: 0.66706806
RANKING PARTIZIONE: 50.0
****************************************
****************************************
[0] -> [0]
[11, 12, 3, 14, 4, 5, 16, 17, 18] -> [18]
[22, 44, 66, 45, 67, 24, 46, 25, 69, 26, 48, 49, 29, 70, 50, 51, 73, 30, 74, 31, 53, 32, 54, 78, 35, 57, 79, 36, 58, 38, 39, 60, 61, 40, 62, 63, 42, 64, 21, 43, 65] -> [22, 44, 45, 78, 67, 79, 46, 48, 49, 50, 73, 62, 30, 63, 64]
Average: Precision: 1.0   Recall: 0.4923216
Average F1: 0.6598063
RANKING PARTIZIONE: 50.0
****************************************
****************************************
[0] -> [0]
[11, 12, 3, 14, 4, 5, 16, 17, 18] -> [18]
[22, 44, 66, 45, 67, 24, 46, 25, 69, 26, 48, 49, 29, 70, 50, 51, 73, 30, 74, 31, 53, 32, 54, 78, 35, 57, 79, 36, 58, 38, 39, 60, 61, 40, 62, 63, 42, 64, 21, 43, 65] -> [22, 44, 45, 78, 67, 79, 46, 48, 49, 50, 73, 62, 30, 63, 64, 42]
Average: Precision: 1.0   Recall: 0.5004517
Average F1: 0.66706806
RANKING PARTIZIONE: 50.0
****************************************
****************************************
[0] -> [0]
[11, 12, 3, 14, 4, 5, 16, 17, 18] -> [18]
[22, 44, 66, 45, 67, 24, 46, 25, 69, 26, 48, 49, 29, 70, 50, 51, 73, 30, 74, 31, 53, 32, 54, 78, 35, 57, 79, 36, 58, 38, 39, 60, 61, 40, 62, 63, 42, 64, 21, 43, 65] -> [66, 22, 67, 46, 69, 48, 49, 51, 74, 30, 31, 32, 54, 78, 57, 35, 79, 36, 58, 60, 61, 40, 62, 63, 64, 42, 21]
Average: Precision: 1.0   Recall: 0.5898826
Average F1: 0.74204546
RANKING PARTIZIONE: 40.0
****************************************
****************************************
[0] -> [0]
[11, 12, 3, 14, 4, 5, 16, 17, 18] -> [18]
[22, 44, 66, 45, 67, 24, 46, 25, 69, 26, 48, 49, 29, 70, 50, 51, 73, 30, 74, 31, 53, 32, 54, 78, 35, 57, 79, 36, 58, 38, 39, 60, 61, 40, 62, 63, 42, 64, 21, 43, 65] -> [22, 44, 45, 78, 67, 79, 46, 48, 49, 50, 73, 62, 30, 63, 64, 42]
Average: Precision: 1.0   Recall: 0.5004517
Average F1: 0.66706806
RANKING PARTIZIONE: 40.0
****************************************
****************************************
[0] -> [0]
[11, 12, 3, 14, 4, 5, 16, 17, 18] -> [18]
[22, 44, 66, 45, 67, 24, 46, 25, 69, 26, 48, 49, 29, 70, 50, 51, 73, 30, 74, 31, 53, 32, 54, 78, 35, 57, 79, 36, 58, 38, 39, 60, 61, 40, 62, 63, 42, 64, 21, 43, 65] -> [22, 44, 45, 78, 67, 79, 46, 48, 49, 50, 73, 62, 30, 63, 64]
Average: Precision: 1.0   Recall: 0.4923216
Average F1: 0.6598063
RANKING PARTIZIONE: 40.0
****************************************
****************************************
[0] -> [0]
[11, 12, 3, 14, 4, 5, 16, 17, 18] -> [18]
[22, 44, 66, 45, 67, 24, 46, 25, 69, 26, 48, 49, 29, 70, 50, 51, 73, 30, 74, 31, 53, 32, 54, 78, 35, 57, 79, 36, 58, 38, 39, 60, 61, 40, 62, 63, 42, 64, 21, 43, 65] -> [66, 30, 31]
Average: Precision: 1.0   Recall: 0.39476064
Average F1: 0.5660622
RANKING PARTIZIONE: 30.0
****************************************
****************************************
[0] -> [0]
[11, 12, 3, 14, 4, 5, 16, 17, 18] -> [18]
[22, 44, 66, 45, 67, 24, 46, 25, 69, 26, 48, 49, 29, 70, 50, 51, 73, 30, 74, 31, 53, 32, 54, 78, 35, 57, 79, 36, 58, 38, 39, 60, 61, 40, 62, 63, 42, 64, 21, 43, 65] -> [44, 78, 79, 57, 48, 70, 73]
Average: Precision: 1.0   Recall: 0.42728093
Average F1: 0.5987342
RANKING PARTIZIONE: 30.0
****************************************
****************************************
[0] -> [0]
[11, 12, 3, 14, 4, 5, 16, 17, 18] -> [18]
[22, 44, 66, 45, 67, 24, 46, 25, 69, 26, 48, 49, 29, 70, 50, 51, 73, 30, 74, 31, 53, 32, 54, 78, 35, 57, 79, 36, 58, 38, 39, 60, 61, 40, 62, 63, 42, 64, 21, 43, 65] -> [66, 30, 31]
Average: Precision: 1.0   Recall: 0.39476064
Average F1: 0.5660622
RANKING PARTIZIONE: 30.0
****************************************
****************************************
[0] -> [0]
[11, 12, 3, 14, 4, 5, 16, 17, 18] -> [18]
[22, 44, 66, 45, 67, 24, 46, 25, 69, 26, 48, 49, 29, 70, 50, 51, 73, 30, 74, 31, 53, 32, 54, 78, 35, 57, 79, 36, 58, 38, 39, 60, 61, 40, 62, 63, 42, 64, 21, 43, 65] -> [44, 73]
Average: Precision: 1.0   Recall: 0.38663054
Average F1: 0.55765474
RANKING PARTIZIONE: 30.0
****************************************
****************************************
[0] -> [0]
[11, 12, 3, 14, 4, 5, 16, 17, 18] -> [18]
[22, 44, 66, 45, 67, 24, 46, 25, 69, 26, 48, 49, 29, 70, 50, 51, 73, 30, 74, 31, 53, 32, 54, 78, 35, 57, 79, 36, 58, 38, 39, 60, 61, 40, 62, 63, 42, 64, 21, 43, 65] -> [66, 30, 31]
Average: Precision: 1.0   Recall: 0.39476064
Average F1: 0.5660622
RANKING PARTIZIONE: 30.0
****************************************
****************************************
[0] -> [0]
[11, 12, 3, 14, 4, 5, 16, 17, 18] -> [18]
[22, 44, 66, 45, 67, 24, 46, 25, 69, 26, 48, 49, 29, 70, 50, 51, 73, 30, 74, 31, 53, 32, 54, 78, 35, 57, 79, 36, 58, 38, 39, 60, 61, 40, 62, 63, 42, 64, 21, 43, 65] -> [22, 67, 57, 35, 46, 69, 36, 58, 48, 49, 60, 61, 40, 51, 62, 30, 63, 74, 64, 31, 21, 54]
Average: Precision: 1.0   Recall: 0.5492322
Average F1: 0.7090379
RANKING PARTIZIONE: 30.0
****************************************
****************************************
[0] -> [0]
[11, 12, 3, 14, 4, 5, 16, 17, 18] -> [18]
[22, 44, 66, 45, 67, 24, 46, 25, 69, 26, 48, 49, 29, 70, 50, 51, 73, 30, 74, 31, 53, 32, 54, 78, 35, 57, 79, 36, 58, 38, 39, 60, 61, 40, 62, 63, 42, 64, 21, 43, 65] -> [44, 73]
Average: Precision: 1.0   Recall: 0.38663054
Average F1: 0.55765474
RANKING PARTIZIONE: 30.0
****************************************
****************************************
[0] -> [0]
[11, 12, 3, 14, 4, 5, 16, 17, 18] -> [18]
[22, 44, 66, 45, 67, 24, 46, 25, 69, 26, 48, 49, 29, 70, 50, 51, 73, 30, 74, 31, 53, 32, 54, 78, 35, 57, 79, 36, 58, 38, 39, 60, 61, 40, 62, 63, 42, 64, 21, 43, 65] -> [66, 44, 78, 57, 79, 48, 70, 61, 73, 30, 42, 31, 21]
Average: Precision: 1.0   Recall: 0.47606143
Average F1: 0.64504284
RANKING PARTIZIONE: 30.0
****************************************
****************************************
[0] -> [0]
[11, 12, 3, 14, 4, 5, 16, 17, 18] -> [18]
[22, 44, 66, 45, 67, 24, 46, 25, 69, 26, 48, 49, 29, 70, 50, 51, 73, 30, 74, 31, 53, 32, 54, 78, 35, 57, 79, 36, 58, 38, 39, 60, 61, 40, 62, 63, 42, 64, 21, 43, 65] -> [22, 63]
Average: Precision: 1.0   Recall: 0.38663054
Average F1: 0.55765474
RANKING PARTIZIONE: 30.0
****************************************
****************************************
[0] -> [0]
[11, 12, 3, 14, 4, 5, 16, 17, 18] -> [18]
[22, 44, 66, 45, 67, 24, 46, 25, 69, 26, 48, 49, 29, 70, 50, 51, 73, 30, 74, 31, 53, 32, 54, 78, 35, 57, 79, 36, 58, 38, 39, 60, 61, 40, 62, 63, 42, 64, 21, 43, 65] -> [66, 44, 78, 57, 79, 48, 70, 61, 73, 30, 42, 31, 21]
Average: Precision: 1.0   Recall: 0.47606143
Average F1: 0.64504284
RANKING PARTIZIONE: 30.0
****************************************
****************************************
[0] -> [0]
[11, 12, 3, 14, 4, 5, 16, 17, 18] -> [18]
[22, 44, 66, 45, 67, 24, 46, 25, 69, 26, 48, 49, 29, 70, 50, 51, 73, 30, 74, 31, 53, 32, 54, 78, 35, 57, 79, 36, 58, 38, 39, 60, 61, 40, 62, 63, 42, 64, 21, 43, 65] -> [44, 78, 79, 57, 48, 70, 73]
Average: Precision: 1.0   Recall: 0.42728093
Average F1: 0.5987342
RANKING PARTIZIONE: 30.0
****************************************
****************************************
[0] -> [0]
[11, 12, 3, 14, 4, 5, 16, 17, 18] -> [18]
[22, 44, 66, 45, 67, 24, 46, 25, 69, 26, 48, 49, 29, 70, 50, 51, 73, 30, 74, 31, 53, 32, 54, 78, 35, 57, 79, 36, 58, 38, 39, 60, 61, 40, 62, 63, 42, 64, 21, 43, 65] -> [66, 30, 31]
Average: Precision: 1.0   Recall: 0.39476064
Average F1: 0.5660622
RANKING PARTIZIONE: 30.0
****************************************
****************************************
[0] -> [0]
[11, 12, 3, 14, 4, 5, 16, 17, 18] -> [18]
[22, 44, 66, 45, 67, 24, 46, 25, 69, 26, 48, 49, 29, 70, 50, 51, 73, 30, 74, 31, 53, 32, 54, 78, 35, 57, 79, 36, 58, 38, 39, 60, 61, 40, 62, 63, 42, 64, 21, 43, 65] -> [44, 78, 79, 57, 48, 70, 73]
Average: Precision: 1.0   Recall: 0.42728093
Average F1: 0.5987342
RANKING PARTIZIONE: 30.0
****************************************
****************************************
[0] -> [0]
[11, 12, 3, 14, 4, 5, 16, 17, 18] -> [18]
[22, 44, 66, 45, 67, 24, 46, 25, 69, 26, 48, 49, 29, 70, 50, 51, 73, 30, 74, 31, 53, 32, 54, 78, 35, 57, 79, 36, 58, 38, 39, 60, 61, 40, 62, 63, 42, 64, 21, 43, 65] -> [22, 63]
Average: Precision: 1.0   Recall: 0.38663054
Average F1: 0.55765474
RANKING PARTIZIONE: 30.0
****************************************
****************************************
[0] -> [0]
[11, 12, 3, 14, 4, 5, 16, 17, 18] -> [18]
[22, 44, 66, 45, 67, 24, 46, 25, 69, 26, 48, 49, 29, 70, 50, 51, 73, 30, 74, 31, 53, 32, 54, 78, 35, 57, 79, 36, 58, 38, 39, 60, 61, 40, 62, 63, 42, 64, 21, 43, 65] -> [66, 30, 31]
Average: Precision: 1.0   Recall: 0.39476064
Average F1: 0.5660622
RANKING PARTIZIONE: 30.0
****************************************
****************************************
[0] -> [0]
[11, 12, 3, 14, 4, 5, 16, 17, 18] -> [18]
[22, 44, 66, 45, 67, 24, 46, 25, 69, 26, 48, 49, 29, 70, 50, 51, 73, 30, 74, 31, 53, 32, 54, 78, 35, 57, 79, 36, 58, 38, 39, 60, 61, 40, 62, 63, 42, 64, 21, 43, 65] -> [44, 73]
Average: Precision: 1.0   Recall: 0.38663054
Average F1: 0.55765474
RANKING PARTIZIONE: 30.0
****************************************
****************************************
[0] -> [0]
[11, 12, 3, 14, 4, 5, 16, 17, 18] -> [18]
[22, 44, 66, 45, 67, 24, 46, 25, 69, 26, 48, 49, 29, 70, 50, 51, 73, 30, 74, 31, 53, 32, 54, 78, 35, 57, 79, 36, 58, 38, 39, 60, 61, 40, 62, 63, 42, 64, 21, 43, 65] -> [44, 78, 79, 57, 48, 70, 73]
Average: Precision: 1.0   Recall: 0.42728093
Average F1: 0.5987342
RANKING PARTIZIONE: 30.0
****************************************
****************************************
[0] -> [0]
[11, 12, 3, 14, 4, 5, 16, 17, 18] -> [18]
[22, 44, 66, 45, 67, 24, 46, 25, 69, 26, 48, 49, 29, 70, 50, 51, 73, 30, 74, 31, 53, 32, 54, 78, 35, 57, 79, 36, 58, 38, 39, 60, 61, 40, 62, 63, 42, 64, 21, 43, 65] -> [66, 30, 31]
Average: Precision: 1.0   Recall: 0.39476064
Average F1: 0.5660622
RANKING PARTIZIONE: 30.0
****************************************
****************************************
[0] -> [0]
[11, 12, 3, 14, 4, 5, 16, 17, 18] -> [18]
[22, 44, 66, 45, 67, 24, 46, 25, 69, 26, 48, 49, 29, 70, 50, 51, 73, 30, 74, 31, 53, 32, 54, 78, 35, 57, 79, 36, 58, 38, 39, 60, 61, 40, 62, 63, 42, 64, 21, 43, 65] -> [61, 30, 42, 31, 21]
Average: Precision: 1.0   Recall: 0.4110208
Average F1: 0.58258647
RANKING PARTIZIONE: 30.0
****************************************
****************************************
[0] -> [0]
[11, 12, 3, 14, 4, 5, 16, 17, 18] -> [18]
[22, 44, 66, 45, 67, 24, 46, 25, 69, 26, 48, 49, 29, 70, 50, 51, 73, 30, 74, 31, 53, 32, 54, 78, 35, 57, 79, 36, 58, 38, 39, 60, 61, 40, 62, 63, 42, 64, 21, 43, 65] -> [44, 73]
Average: Precision: 1.0   Recall: 0.38663054
Average F1: 0.55765474
RANKING PARTIZIONE: 30.0
****************************************
****************************************
[0] -> [0]
[11, 12, 3, 14, 4, 5, 16, 17, 18] -> [18]
[22, 44, 66, 45, 67, 24, 46, 25, 69, 26, 48, 49, 29, 70, 50, 51, 73, 30, 74, 31, 53, 32, 54, 78, 35, 57, 79, 36, 58, 38, 39, 60, 61, 40, 62, 63, 42, 64, 21, 43, 65] -> [61, 30, 42, 31, 21]
Average: Precision: 1.0   Recall: 0.4110208
Average F1: 0.58258647
RANKING PARTIZIONE: 30.0
****************************************
****************************************
[0] -> [0]
[11, 12, 3, 14, 4, 5, 16, 17, 18] -> [18]
[22, 44, 66, 45, 67, 24, 46, 25, 69, 26, 48, 49, 29, 70, 50, 51, 73, 30, 74, 31, 53, 32, 54, 78, 35, 57, 79, 36, 58, 38, 39, 60, 61, 40, 62, 63, 42, 64, 21, 43, 65] -> [61, 30, 42, 31, 21]
Average: Precision: 1.0   Recall: 0.4110208
Average F1: 0.58258647
RANKING PARTIZIONE: 30.0
****************************************
****************************************
[0] -> [0]
[11, 12, 3, 14, 4, 5, 16, 17, 18] -> [18]
[22, 44, 66, 45, 67, 24, 46, 25, 69, 26, 48, 49, 29, 70, 50, 51, 73, 30, 74, 31, 53, 32, 54, 78, 35, 57, 79, 36, 58, 38, 39, 60, 61, 40, 62, 63, 42, 64, 21, 43, 65] -> [61, 30, 42, 31, 21]
Average: Precision: 1.0   Recall: 0.4110208
Average F1: 0.58258647
RANKING PARTIZIONE: 30.0
****************************************
****************************************
[0] -> [0]
[11, 12, 3, 14, 4, 5, 16, 17, 18] -> [18]
[22, 44, 66, 45, 67, 24, 46, 25, 69, 26, 48, 49, 29, 70, 50, 51, 73, 30, 74, 31, 53, 32, 54, 78, 35, 57, 79, 36, 58, 38, 39, 60, 61, 40, 62, 63, 42, 64, 21, 43, 65] -> [61, 30, 42, 31, 21]
Average: Precision: 1.0   Recall: 0.4110208
Average F1: 0.58258647
RANKING PARTIZIONE: 30.0
****************************************
****************************************
[0] -> [0]
[11, 12, 3, 14, 4, 5, 16, 17, 18] -> [18]
[22, 44, 66, 45, 67, 24, 46, 25, 69, 26, 48, 49, 29, 70, 50, 51, 73, 30, 74, 31, 53, 32, 54, 78, 35, 57, 79, 36, 58, 38, 39, 60, 61, 40, 62, 63, 42, 64, 21, 43, 65] -> [44, 78, 79, 57, 48, 70, 73]
Average: Precision: 1.0   Recall: 0.42728093
Average F1: 0.5987342
RANKING PARTIZIONE: 30.0
****************************************
****************************************
[0] -> [0]
[11, 12, 3, 14, 4, 5, 16, 17, 18] -> [18]
[22, 44, 66, 45, 67, 24, 46, 25, 69, 26, 48, 49, 29, 70, 50, 51, 73, 30, 74, 31, 53, 32, 54, 78, 35, 57, 79, 36, 58, 38, 39, 60, 61, 40, 62, 63, 42, 64, 21, 43, 65] -> [61, 30, 42, 31, 21]
Average: Precision: 1.0   Recall: 0.4110208
Average F1: 0.58258647
RANKING PARTIZIONE: 30.0
****************************************
****************************************
[0] -> [0]
[11, 12, 3, 14, 4, 5, 16, 17, 18] -> [18]
[22, 44, 66, 45, 67, 24, 46, 25, 69, 26, 48, 49, 29, 70, 50, 51, 73, 30, 74, 31, 53, 32, 54, 78, 35, 57, 79, 36, 58, 38, 39, 60, 61, 40, 62, 63, 42, 64, 21, 43, 65] -> [44, 78, 79, 57, 48, 70, 73]
Average: Precision: 1.0   Recall: 0.42728093
Average F1: 0.5987342
RANKING PARTIZIONE: 30.0
****************************************
****************************************
[0] -> [0]
[11, 12, 3, 14, 4, 5, 16, 17, 18] -> [18]
[22, 44, 66, 45, 67, 24, 46, 25, 69, 26, 48, 49, 29, 70, 50, 51, 73, 30, 74, 31, 53, 32, 54, 78, 35, 57, 79, 36, 58, 38, 39, 60, 61, 40, 62, 63, 42, 64, 21, 43, 65] -> [61, 30, 42, 31, 21]
Average: Precision: 1.0   Recall: 0.4110208
Average F1: 0.58258647
RANKING PARTIZIONE: 30.0
****************************************
****************************************
[0] -> [0]
[11, 12, 3, 14, 4, 5, 16, 17, 18] -> [18]
[22, 44, 66, 45, 67, 24, 46, 25, 69, 26, 48, 49, 29, 70, 50, 51, 73, 30, 74, 31, 53, 32, 54, 78, 35, 57, 79, 36, 58, 38, 39, 60, 61, 40, 62, 63, 42, 64, 21, 43, 65] -> [66, 44, 78, 57, 79, 48, 70, 61, 73, 30, 42, 31, 21]
Average: Precision: 1.0   Recall: 0.47606143
Average F1: 0.64504284
RANKING PARTIZIONE: 30.0
****************************************
****************************************
[0] -> [0]
[11, 12, 3, 14, 4, 5, 16, 17, 18] -> [18]
[22, 44, 66, 45, 67, 24, 46, 25, 69, 26, 48, 49, 29, 70, 50, 51, 73, 30, 74, 31, 53, 32, 54, 78, 35, 57, 79, 36, 58, 38, 39, 60, 61, 40, 62, 63, 42, 64, 21, 43, 65] -> [61, 30, 42, 31, 21]
Average: Precision: 1.0   Recall: 0.4110208
Average F1: 0.58258647
RANKING PARTIZIONE: 30.0
****************************************
****************************************
[0] -> [0]
[11, 12, 3, 14, 4, 5, 16, 17, 18] -> [18]
[22, 44, 66, 45, 67, 24, 46, 25, 69, 26, 48, 49, 29, 70, 50, 51, 73, 30, 74, 31, 53, 32, 54, 78, 35, 57, 79, 36, 58, 38, 39, 60, 61, 40, 62, 63, 42, 64, 21, 43, 65] -> [61, 30, 42, 31, 21]
Average: Precision: 1.0   Recall: 0.4110208
Average F1: 0.58258647
RANKING PARTIZIONE: 30.0
****************************************
****************************************
[0] -> [0]
[11, 12, 3, 14, 4, 5, 16, 17, 18] -> [18]
[22, 44, 66, 45, 67, 24, 46, 25, 69, 26, 48, 49, 29, 70, 50, 51, 73, 30, 74, 31, 53, 32, 54, 78, 35, 57, 79, 36, 58, 38, 39, 60, 61, 40, 62, 63, 42, 64, 21, 43, 65] -> [61, 30, 42, 31, 21]
Average: Precision: 1.0   Recall: 0.4110208
Average F1: 0.58258647
RANKING PARTIZIONE: 30.0
****************************************
****************************************
[0] -> [0]
[11, 12, 3, 14, 4, 5, 16, 17, 18] -> [18]
[22, 44, 66, 45, 67, 24, 46, 25, 69, 26, 48, 49, 29, 70, 50, 51, 73, 30, 74, 31, 53, 32, 54, 78, 35, 57, 79, 36, 58, 38, 39, 60, 61, 40, 62, 63, 42, 64, 21, 43, 65] -> [61, 30, 42, 31, 21]
Average: Precision: 1.0   Recall: 0.4110208
Average F1: 0.58258647
RANKING PARTIZIONE: 30.0
****************************************
****************************************
[0] -> [0]
[11, 12, 3, 14, 4, 5, 16, 17, 18] -> [18]
[22, 44, 66, 45, 67, 24, 46, 25, 69, 26, 48, 49, 29, 70, 50, 51, 73, 30, 74, 31, 53, 32, 54, 78, 35, 57, 79, 36, 58, 38, 39, 60, 61, 40, 62, 63, 42, 64, 21, 43, 65] -> [22, 67, 57, 35, 46, 69, 36, 58, 48, 49, 60, 61, 40, 51, 62, 30, 63, 74, 64, 31, 21, 54]
Average: Precision: 1.0   Recall: 0.5492322
Average F1: 0.7090379
RANKING PARTIZIONE: 30.0
****************************************
****************************************
[0] -> [0]
[11, 12, 3, 14, 4, 5, 16, 17, 18] -> [18]
[22, 44, 66, 45, 67, 24, 46, 25, 69, 26, 48, 49, 29, 70, 50, 51, 73, 30, 74, 31, 53, 32, 54, 78, 35, 57, 79, 36, 58, 38, 39, 60, 61, 40, 62, 63, 42, 64, 21, 43, 65] -> [44, 78, 79, 57, 48, 70, 73]
Average: Precision: 1.0   Recall: 0.42728093
Average F1: 0.5987342
RANKING PARTIZIONE: 30.0
****************************************
****************************************
[0] -> [0]
[11, 12, 3, 14, 4, 5, 16, 17, 18] -> [18]
[22, 44, 66, 45, 67, 24, 46, 25, 69, 26, 48, 49, 29, 70, 50, 51, 73, 30, 74, 31, 53, 32, 54, 78, 35, 57, 79, 36, 58, 38, 39, 60, 61, 40, 62, 63, 42, 64, 21, 43, 65] -> [61, 30, 42, 31, 21]
Average: Precision: 1.0   Recall: 0.4110208
Average F1: 0.58258647
RANKING PARTIZIONE: 30.0
****************************************
****************************************
[0] -> [0]
[11, 12, 3, 14, 4, 5, 16, 17, 18] -> [18]
[22, 44, 66, 45, 67, 24, 46, 25, 69, 26, 48, 49, 29, 70, 50, 51, 73, 30, 74, 31, 53, 32, 54, 78, 35, 57, 79, 36, 58, 38, 39, 60, 61, 40, 62, 63, 42, 64, 21, 43, 65] -> [44, 78, 79, 57, 48, 70, 73]
Average: Precision: 1.0   Recall: 0.42728093
Average F1: 0.5987342
RANKING PARTIZIONE: 30.0
****************************************
****************************************
[0] -> [0]
[11, 12, 3, 14, 4, 5, 16, 17, 18] -> [18]
[22, 44, 66, 45, 67, 24, 46, 25, 69, 26, 48, 49, 29, 70, 50, 51, 73, 30, 74, 31, 53, 32, 54, 78, 35, 57, 79, 36, 58, 38, 39, 60, 61, 40, 62, 63, 42, 64, 21, 43, 65] -> [66, 30, 31]
Average: Precision: 1.0   Recall: 0.39476064
Average F1: 0.5660622
RANKING PARTIZIONE: 30.0
****************************************
****************************************
[0] -> [0]
[11, 12, 3, 14, 4, 5, 16, 17, 18] -> [18]
[22, 44, 66, 45, 67, 24, 46, 25, 69, 26, 48, 49, 29, 70, 50, 51, 73, 30, 74, 31, 53, 32, 54, 78, 35, 57, 79, 36, 58, 38, 39, 60, 61, 40, 62, 63, 42, 64, 21, 43, 65] -> [61, 30, 42, 31, 21]
Average: Precision: 1.0   Recall: 0.4110208
Average F1: 0.58258647
RANKING PARTIZIONE: 30.0
****************************************
****************************************
[0] -> [0]
[11, 12, 3, 14, 4, 5, 16, 17, 18] -> [18]
[22, 44, 66, 45, 67, 24, 46, 25, 69, 26, 48, 49, 29, 70, 50, 51, 73, 30, 74, 31, 53, 32, 54, 78, 35, 57, 79, 36, 58, 38, 39, 60, 61, 40, 62, 63, 42, 64, 21, 43, 65] -> [44, 78, 79, 57, 48, 70, 73]
Average: Precision: 1.0   Recall: 0.42728093
Average F1: 0.5987342
RANKING PARTIZIONE: 30.0
****************************************
****************************************
[0] -> [0]
[11, 12, 3, 14, 4, 5, 16, 17, 18] -> [18]
[22, 44, 66, 45, 67, 24, 46, 25, 69, 26, 48, 49, 29, 70, 50, 51, 73, 30, 74, 31, 53, 32, 54, 78, 35, 57, 79, 36, 58, 38, 39, 60, 61, 40, 62, 63, 42, 64, 21, 43, 65] -> [66, 44, 78, 57, 79, 48, 70, 61, 73, 30, 42, 31, 21]
Average: Precision: 1.0   Recall: 0.47606143
Average F1: 0.64504284
RANKING PARTIZIONE: 30.0
****************************************
****************************************
[0] -> [0]
[11, 12, 3, 14, 4, 5, 16, 17, 18] -> [18]
[22, 44, 66, 45, 67, 24, 46, 25, 69, 26, 48, 49, 29, 70, 50, 51, 73, 30, 74, 31, 53, 32, 54, 78, 35, 57, 79, 36, 58, 38, 39, 60, 61, 40, 62, 63, 42, 64, 21, 43, 65] -> [61, 30, 42, 31, 21]
Average: Precision: 1.0   Recall: 0.4110208
Average F1: 0.58258647
RANKING PARTIZIONE: 30.0
****************************************
****************************************
[0] -> [0]
[11, 12, 3, 14, 4, 5, 16, 17, 18] -> [18]
[22, 44, 66, 45, 67, 24, 46, 25, 69, 26, 48, 49, 29, 70, 50, 51, 73, 30, 74, 31, 53, 32, 54, 78, 35, 57, 79, 36, 58, 38, 39, 60, 61, 40, 62, 63, 42, 64, 21, 43, 65] -> [44, 78, 79, 57, 48, 70, 73]
Average: Precision: 1.0   Recall: 0.42728093
Average F1: 0.5987342
RANKING PARTIZIONE: 30.0
****************************************
****************************************
[0] -> [0]
[11, 12, 3, 14, 4, 5, 16, 17, 18] -> [18]
[22, 44, 66, 45, 67, 24, 46, 25, 69, 26, 48, 49, 29, 70, 50, 51, 73, 30, 74, 31, 53, 32, 54, 78, 35, 57, 79, 36, 58, 38, 39, 60, 61, 40, 62, 63, 42, 64, 21, 43, 65] -> [61, 30, 42, 31, 21]
Average: Precision: 1.0   Recall: 0.4110208
Average F1: 0.58258647
RANKING PARTIZIONE: 30.0
****************************************
****************************************
[0] -> [0]
[11, 12, 3, 14, 4, 5, 16, 17, 18] -> [18]
[22, 44, 66, 45, 67, 24, 46, 25, 69, 26, 48, 49, 29, 70, 50, 51, 73, 30, 74, 31, 53, 32, 54, 78, 35, 57, 79, 36, 58, 38, 39, 60, 61, 40, 62, 63, 42, 64, 21, 43, 65] -> [44, 78, 79, 57, 48, 70, 73]
Average: Precision: 1.0   Recall: 0.42728093
Average F1: 0.5987342
RANKING PARTIZIONE: 30.0
****************************************
****************************************
[0] -> [0]
[11, 12, 3, 14, 4, 5, 16, 17, 18] -> [18]
[22, 44, 66, 45, 67, 24, 46, 25, 69, 26, 48, 49, 29, 70, 50, 51, 73, 30, 74, 31, 53, 32, 54, 78, 35, 57, 79, 36, 58, 38, 39, 60, 61, 40, 62, 63, 42, 64, 21, 43, 65] -> [61, 30, 42, 31, 21]
Average: Precision: 1.0   Recall: 0.4110208
Average F1: 0.58258647
RANKING PARTIZIONE: 30.0
****************************************
****************************************
[0] -> [0]
[11, 12, 3, 14, 4, 5, 16, 17, 18] -> [18]
[22, 44, 66, 45, 67, 24, 46, 25, 69, 26, 48, 49, 29, 70, 50, 51, 73, 30, 74, 31, 53, 32, 54, 78, 35, 57, 79, 36, 58, 38, 39, 60, 61, 40, 62, 63, 42, 64, 21, 43, 65] -> [66, 30, 31]
Average: Precision: 1.0   Recall: 0.39476064
Average F1: 0.5660622
RANKING PARTIZIONE: 30.0
****************************************
****************************************
[0] -> [0]
[11, 12, 3, 14, 4, 5, 16, 17, 18] -> [18]
[22, 44, 66, 45, 67, 24, 46, 25, 69, 26, 48, 49, 29, 70, 50, 51, 73, 30, 74, 31, 53, 32, 54, 78, 35, 57, 79, 36, 58, 38, 39, 60, 61, 40, 62, 63, 42, 64, 21, 43, 65] -> [66, 30, 31]
Average: Precision: 1.0   Recall: 0.39476064
Average F1: 0.5660622
RANKING PARTIZIONE: 30.0
****************************************
****************************************
[0] -> [0]
[11, 12, 3, 14, 4, 5, 16, 17, 18] -> [18]
[22, 44, 66, 45, 67, 24, 46, 25, 69, 26, 48, 49, 29, 70, 50, 51, 73, 30, 74, 31, 53, 32, 54, 78, 35, 57, 79, 36, 58, 38, 39, 60, 61, 40, 62, 63, 42, 64, 21, 43, 65] -> [44, 73]
Average: Precision: 1.0   Recall: 0.38663054
Average F1: 0.55765474
RANKING PARTIZIONE: 30.0
****************************************
****************************************
[0] -> [0]
[11, 12, 3, 14, 4, 5, 16, 17, 18] -> [18]
[22, 44, 66, 45, 67, 24, 46, 25, 69, 26, 48, 49, 29, 70, 50, 51, 73, 30, 74, 31, 53, 32, 54, 78, 35, 57, 79, 36, 58, 38, 39, 60, 61, 40, 62, 63, 42, 64, 21, 43, 65] -> [44, 73]
Average: Precision: 1.0   Recall: 0.38663054
Average F1: 0.55765474
RANKING PARTIZIONE: 30.0
****************************************
****************************************
[0] -> [0]
[11, 12, 3, 14, 4, 5, 16, 17, 18] -> [18]
[22, 44, 66, 45, 67, 24, 46, 25, 69, 26, 48, 49, 29, 70, 50, 51, 73, 30, 74, 31, 53, 32, 54, 78, 35, 57, 79, 36, 58, 38, 39, 60, 61, 40, 62, 63, 42, 64, 21, 43, 65] -> [66, 30, 31]
Average: Precision: 1.0   Recall: 0.39476064
Average F1: 0.5660622
RANKING PARTIZIONE: 30.0
****************************************
****************************************
[0] -> [0]
[11, 12, 3, 14, 4, 5, 16, 17, 18] -> [18]
[22, 44, 66, 45, 67, 24, 46, 25, 69, 26, 48, 49, 29, 70, 50, 51, 73, 30, 74, 31, 53, 32, 54, 78, 35, 57, 79, 36, 58, 38, 39, 60, 61, 40, 62, 63, 42, 64, 21, 43, 65] -> [22, 67, 57, 35, 46, 69, 36, 58, 48, 49, 60, 61, 40, 51, 62, 30, 63, 74, 64, 31, 21, 54]
Average: Precision: 1.0   Recall: 0.5492322
Average F1: 0.7090379
RANKING PARTIZIONE: 30.0
****************************************
****************************************
[0] -> [0]
[11, 12, 3, 14, 4, 5, 16, 17, 18] -> [18]
[22, 44, 66, 45, 67, 24, 46, 25, 69, 26, 48, 49, 29, 70, 50, 51, 73, 30, 74, 31, 53, 32, 54, 78, 35, 57, 79, 36, 58, 38, 39, 60, 61, 40, 62, 63, 42, 64, 21, 43, 65] -> [22, 67, 57, 35, 46, 69, 36, 58, 48, 49, 60, 61, 40, 51, 62, 30, 63, 74, 64, 31, 21, 54]
Average: Precision: 1.0   Recall: 0.5492322
Average F1: 0.7090379
RANKING PARTIZIONE: 30.0
****************************************
****************************************
[0] -> [0]
[11, 12, 3, 14, 4, 5, 16, 17, 18] -> [18]
[22, 44, 66, 45, 67, 24, 46, 25, 69, 26, 48, 49, 29, 70, 50, 51, 73, 30, 74, 31, 53, 32, 54, 78, 35, 57, 79, 36, 58, 38, 39, 60, 61, 40, 62, 63, 42, 64, 21, 43, 65] -> [66, 30, 31]
Average: Precision: 1.0   Recall: 0.39476064
Average F1: 0.5660622
RANKING PARTIZIONE: 30.0
****************************************
****************************************
[0] -> [0]
[11, 12, 3, 14, 4, 5, 16, 17, 18] -> [18]
[22, 44, 66, 45, 67, 24, 46, 25, 69, 26, 48, 49, 29, 70, 50, 51, 73, 30, 74, 31, 53, 32, 54, 78, 35, 57, 79, 36, 58, 38, 39, 60, 61, 40, 62, 63, 42, 64, 21, 43, 65] -> [66, 30, 31]
Average: Precision: 1.0   Recall: 0.39476064
Average F1: 0.5660622
RANKING PARTIZIONE: 30.0
****************************************
****************************************
[0] -> [0]
[11, 12, 3, 14, 4, 5, 16, 17, 18] -> [18]
[22, 44, 66, 45, 67, 24, 46, 25, 69, 26, 48, 49, 29, 70, 50, 51, 73, 30, 74, 31, 53, 32, 54, 78, 35, 57, 79, 36, 58, 38, 39, 60, 61, 40, 62, 63, 42, 64, 21, 43, 65] -> [44, 73]
Average: Precision: 1.0   Recall: 0.38663054
Average F1: 0.55765474
RANKING PARTIZIONE: 30.0
****************************************
****************************************
[0] -> [0]
[11, 12, 3, 14, 4, 5, 16, 17, 18] -> [18]
[22, 44, 66, 45, 67, 24, 46, 25, 69, 26, 48, 49, 29, 70, 50, 51, 73, 30, 74, 31, 53, 32, 54, 78, 35, 57, 79, 36, 58, 38, 39, 60, 61, 40, 62, 63, 42, 64, 21, 43, 65] -> [44, 73]
Average: Precision: 1.0   Recall: 0.38663054
Average F1: 0.55765474
RANKING PARTIZIONE: 30.0
****************************************
****************************************
[0] -> [0]
[11, 12, 3, 14, 4, 5, 16, 17, 18] -> [18]
[22, 44, 66, 45, 67, 24, 46, 25, 69, 26, 48, 49, 29, 70, 50, 51, 73, 30, 74, 31, 53, 32, 54, 78, 35, 57, 79, 36, 58, 38, 39, 60, 61, 40, 62, 63, 42, 64, 21, 43, 65] -> [44, 78, 79, 57, 48, 70, 73]
Average: Precision: 1.0   Recall: 0.42728093
Average F1: 0.5987342
RANKING PARTIZIONE: 30.0
****************************************
****************************************
[0] -> [0]
[11, 12, 3, 14, 4, 5, 16, 17, 18] -> [18]
[22, 44, 66, 45, 67, 24, 46, 25, 69, 26, 48, 49, 29, 70, 50, 51, 73, 30, 74, 31, 53, 32, 54, 78, 35, 57, 79, 36, 58, 38, 39, 60, 61, 40, 62, 63, 42, 64, 21, 43, 65] -> [66, 30, 31]
Average: Precision: 1.0   Recall: 0.39476064
Average F1: 0.5660622
RANKING PARTIZIONE: 30.0
****************************************
****************************************
[0] -> [0]
[11, 12, 3, 14, 4, 5, 16, 17, 18] -> [18]
[22, 44, 66, 45, 67, 24, 46, 25, 69, 26, 48, 49, 29, 70, 50, 51, 73, 30, 74, 31, 53, 32, 54, 78, 35, 57, 79, 36, 58, 38, 39, 60, 61, 40, 62, 63, 42, 64, 21, 43, 65] -> [44, 78, 79, 57, 48, 70, 73]
Average: Precision: 1.0   Recall: 0.42728093
Average F1: 0.5987342
RANKING PARTIZIONE: 30.0
****************************************
****************************************
[0] -> [0]
[11, 12, 3, 14, 4, 5, 16, 17, 18] -> [18]
[22, 44, 66, 45, 67, 24, 46, 25, 69, 26, 48, 49, 29, 70, 50, 51, 73, 30, 74, 31, 53, 32, 54, 78, 35, 57, 79, 36, 58, 38, 39, 60, 61, 40, 62, 63, 42, 64, 21, 43, 65] -> [66, 30, 31]
Average: Precision: 1.0   Recall: 0.39476064
Average F1: 0.5660622
RANKING PARTIZIONE: 30.0
****************************************
****************************************
[0] -> [0]
[11, 12, 3, 14, 4, 5, 16, 17, 18] -> [18]
[22, 44, 66, 45, 67, 24, 46, 25, 69, 26, 48, 49, 29, 70, 50, 51, 73, 30, 74, 31, 53, 32, 54, 78, 35, 57, 79, 36, 58, 38, 39, 60, 61, 40, 62, 63, 42, 64, 21, 43, 65] -> [44, 78, 79, 57, 48, 70, 73]
Average: Precision: 1.0   Recall: 0.42728093
Average F1: 0.5987342
RANKING PARTIZIONE: 30.0
****************************************
****************************************
[0] -> [0]
[11, 12, 3, 14, 4, 5, 16, 17, 18] -> [18]
[22, 44, 66, 45, 67, 24, 46, 25, 69, 26, 48, 49, 29, 70, 50, 51, 73, 30, 74, 31, 53, 32, 54, 78, 35, 57, 79, 36, 58, 38, 39, 60, 61, 40, 62, 63, 42, 64, 21, 43, 65] -> [22, 63]
Average: Precision: 1.0   Recall: 0.38663054
Average F1: 0.55765474
RANKING PARTIZIONE: 30.0
****************************************
****************************************
[0] -> [0]
[11, 12, 3, 14, 4, 5, 16, 17, 18] -> [18]
[22, 44, 66, 45, 67, 24, 46, 25, 69, 26, 48, 49, 29, 70, 50, 51, 73, 30, 74, 31, 53, 32, 54, 78, 35, 57, 79, 36, 58, 38, 39, 60, 61, 40, 62, 63, 42, 64, 21, 43, 65] -> [22, 67, 57, 35, 46, 69, 36, 58, 48, 49, 60, 61, 40, 51, 62, 30, 63, 74, 64, 31, 21, 54]
Average: Precision: 1.0   Recall: 0.5492322
Average F1: 0.7090379
RANKING PARTIZIONE: 30.0
****************************************
****************************************
[0] -> [0]
[11, 12, 3, 14, 4, 5, 16, 17, 18] -> [18]
[22, 44, 66, 45, 67, 24, 46, 25, 69, 26, 48, 49, 29, 70, 50, 51, 73, 30, 74, 31, 53, 32, 54, 78, 35, 57, 79, 36, 58, 38, 39, 60, 61, 40, 62, 63, 42, 64, 21, 43, 65] -> [66, 44, 78, 57, 79, 48, 70, 61, 73, 30, 42, 31, 21]
Average: Precision: 1.0   Recall: 0.47606143
Average F1: 0.64504284
RANKING PARTIZIONE: 30.0
****************************************
****************************************
[0] -> [0]
[11, 12, 3, 14, 4, 5, 16, 17, 18] -> [18]
[22, 44, 66, 45, 67, 24, 46, 25, 69, 26, 48, 49, 29, 70, 50, 51, 73, 30, 74, 31, 53, 32, 54, 78, 35, 57, 79, 36, 58, 38, 39, 60, 61, 40, 62, 63, 42, 64, 21, 43, 65] -> [22, 67, 57, 35, 46, 69, 36, 58, 48, 49, 60, 61, 40, 51, 62, 30, 63, 74, 64, 31, 21, 54]
Average: Precision: 1.0   Recall: 0.5492322
Average F1: 0.7090379
RANKING PARTIZIONE: 30.0
****************************************
****************************************
[0] -> [0]
[11, 12, 3, 14, 4, 5, 16, 17, 18] -> [18]
[22, 44, 66, 45, 67, 24, 46, 25, 69, 26, 48, 49, 29, 70, 50, 51, 73, 30, 74, 31, 53, 32, 54, 78, 35, 57, 79, 36, 58, 38, 39, 60, 61, 40, 62, 63, 42, 64, 21, 43, 65] -> [44, 78, 79, 57, 48, 70, 73]
Average: Precision: 1.0   Recall: 0.42728093
Average F1: 0.5987342
RANKING PARTIZIONE: 30.0
****************************************
****************************************
[0] -> [0]
[11, 12, 3, 14, 4, 5, 16, 17, 18] -> [18]
[22, 44, 66, 45, 67, 24, 46, 25, 69, 26, 48, 49, 29, 70, 50, 51, 73, 30, 74, 31, 53, 32, 54, 78, 35, 57, 79, 36, 58, 38, 39, 60, 61, 40, 62, 63, 42, 64, 21, 43, 65] -> [39, 32]
Average: Precision: 1.0   Recall: 0.38663054
Average F1: 0.55765474
RANKING PARTIZIONE: 30.0
****************************************
****************************************
[0] -> [0]
[11, 12, 3, 14, 4, 5, 16, 17, 18] -> [18]
[22, 44, 66, 45, 67, 24, 46, 25, 69, 26, 48, 49, 29, 70, 50, 51, 73, 30, 74, 31, 53, 32, 54, 78, 35, 57, 79, 36, 58, 38, 39, 60, 61, 40, 62, 63, 42, 64, 21, 43, 65] -> [44, 78, 79, 57, 48, 70, 73]
Average: Precision: 1.0   Recall: 0.42728093
Average F1: 0.5987342
RANKING PARTIZIONE: 30.0
****************************************
****************************************
[0] -> [0]
[11, 12, 3, 14, 4, 5, 16, 17, 18] -> [18]
[22, 44, 66, 45, 67, 24, 46, 25, 69, 26, 48, 49, 29, 70, 50, 51, 73, 30, 74, 31, 53, 32, 54, 78, 35, 57, 79, 36, 58, 38, 39, 60, 61, 40, 62, 63, 42, 64, 21, 43, 65] -> [66, 30, 31]
Average: Precision: 1.0   Recall: 0.39476064
Average F1: 0.5660622
RANKING PARTIZIONE: 30.0
****************************************
****************************************
[0] -> [0]
[11, 12, 3, 14, 4, 5, 16, 17, 18] -> [18]
[22, 44, 66, 45, 67, 24, 46, 25, 69, 26, 48, 49, 29, 70, 50, 51, 73, 30, 74, 31, 53, 32, 54, 78, 35, 57, 79, 36, 58, 38, 39, 60, 61, 40, 62, 63, 42, 64, 21, 43, 65] -> [44, 78, 79, 57, 48, 70, 73]
Average: Precision: 1.0   Recall: 0.42728093
Average F1: 0.5987342
RANKING PARTIZIONE: 30.0
****************************************
****************************************
[0] -> [0]
[11, 12, 3, 14, 4, 5, 16, 17, 18] -> [18]
[22, 44, 66, 45, 67, 24, 46, 25, 69, 26, 48, 49, 29, 70, 50, 51, 73, 30, 74, 31, 53, 32, 54, 78, 35, 57, 79, 36, 58, 38, 39, 60, 61, 40, 62, 63, 42, 64, 21, 43, 65] -> [66, 30, 31]
Average: Precision: 1.0   Recall: 0.39476064
Average F1: 0.5660622
RANKING PARTIZIONE: 30.0
****************************************
****************************************
[0] -> [0]
[11, 12, 3, 14, 4, 5, 16, 17, 18] -> [18]
[22, 44, 66, 45, 67, 24, 46, 25, 69, 26, 48, 49, 29, 70, 50, 51, 73, 30, 74, 31, 53, 32, 54, 78, 35, 57, 79, 36, 58, 38, 39, 60, 61, 40, 62, 63, 42, 64, 21, 43, 65] -> [44, 78, 79, 57, 48, 70, 73]
Average: Precision: 1.0   Recall: 0.42728093
Average F1: 0.5987342
RANKING PARTIZIONE: 30.0
****************************************
****************************************
[0] -> [0]
[11, 12, 3, 14, 4, 5, 16, 17, 18] -> [18]
[22, 44, 66, 45, 67, 24, 46, 25, 69, 26, 48, 49, 29, 70, 50, 51, 73, 30, 74, 31, 53, 32, 54, 78, 35, 57, 79, 36, 58, 38, 39, 60, 61, 40, 62, 63, 42, 64, 21, 43, 65] -> [22, 63]
Average: Precision: 1.0   Recall: 0.38663054
Average F1: 0.55765474
RANKING PARTIZIONE: 30.0
****************************************
****************************************
[0] -> [0]
[11, 12, 3, 14, 4, 5, 16, 17, 18] -> [18]
[22, 44, 66, 45, 67, 24, 46, 25, 69, 26, 48, 49, 29, 70, 50, 51, 73, 30, 74, 31, 53, 32, 54, 78, 35, 57, 79, 36, 58, 38, 39, 60, 61, 40, 62, 63, 42, 64, 21, 43, 65] -> [44, 78, 79, 57, 48, 70, 73]
Average: Precision: 1.0   Recall: 0.42728093
Average F1: 0.5987342
RANKING PARTIZIONE: 30.0
****************************************
****************************************
[0] -> [0]
[11, 12, 3, 14, 4, 5, 16, 17, 18] -> [18]
[22, 44, 66, 45, 67, 24, 46, 25, 69, 26, 48, 49, 29, 70, 50, 51, 73, 30, 74, 31, 53, 32, 54, 78, 35, 57, 79, 36, 58, 38, 39, 60, 61, 40, 62, 63, 42, 64, 21, 43, 65] -> [39, 32]
Average: Precision: 1.0   Recall: 0.38663054
Average F1: 0.55765474
RANKING PARTIZIONE: 30.0
****************************************
****************************************
[0] -> [0]
[11, 12, 3, 14, 4, 5, 16, 17, 18] -> [18]
[22, 44, 66, 45, 67, 24, 46, 25, 69, 26, 48, 49, 29, 70, 50, 51, 73, 30, 74, 31, 53, 32, 54, 78, 35, 57, 79, 36, 58, 38, 39, 60, 61, 40, 62, 63, 42, 64, 21, 43, 65] -> [66, 30, 31]
Average: Precision: 1.0   Recall: 0.39476064
Average F1: 0.5660622
RANKING PARTIZIONE: 30.0
****************************************
****************************************
[0] -> [0]
[11, 12, 3, 14, 4, 5, 16, 17, 18] -> [18]
[22, 44, 66, 45, 67, 24, 46, 25, 69, 26, 48, 49, 29, 70, 50, 51, 73, 30, 74, 31, 53, 32, 54, 78, 35, 57, 79, 36, 58, 38, 39, 60, 61, 40, 62, 63, 42, 64, 21, 43, 65] -> [66, 30, 31]
Average: Precision: 1.0   Recall: 0.39476064
Average F1: 0.5660622
RANKING PARTIZIONE: 30.0
****************************************
****************************************
[0] -> [0]
[11, 12, 3, 14, 4, 5, 16, 17, 18] -> [18]
[22, 44, 66, 45, 67, 24, 46, 25, 69, 26, 48, 49, 29, 70, 50, 51, 73, 30, 74, 31, 53, 32, 54, 78, 35, 57, 79, 36, 58, 38, 39, 60, 61, 40, 62, 63, 42, 64, 21, 43, 65] -> [44, 73]
Average: Precision: 1.0   Recall: 0.38663054
Average F1: 0.55765474
RANKING PARTIZIONE: 30.0
****************************************
****************************************
[0] -> [0]
[11, 12, 3, 14, 4, 5, 16, 17, 18] -> [18]
[22, 44, 66, 45, 67, 24, 46, 25, 69, 26, 48, 49, 29, 70, 50, 51, 73, 30, 74, 31, 53, 32, 54, 78, 35, 57, 79, 36, 58, 38, 39, 60, 61, 40, 62, 63, 42, 64, 21, 43, 65] -> [44, 73]
Average: Precision: 1.0   Recall: 0.38663054
Average F1: 0.55765474
RANKING PARTIZIONE: 30.0
****************************************
****************************************
[0] -> [0]
[11, 12, 3, 14, 4, 5, 16, 17, 18] -> [18]
[22, 44, 66, 45, 67, 24, 46, 25, 69, 26, 48, 49, 29, 70, 50, 51, 73, 30, 74, 31, 53, 32, 54, 78, 35, 57, 79, 36, 58, 38, 39, 60, 61, 40, 62, 63, 42, 64, 21, 43, 65] -> [66, 30, 31]
Average: Precision: 1.0   Recall: 0.39476064
Average F1: 0.5660622
RANKING PARTIZIONE: 30.0
****************************************
****************************************
[0] -> [0]
[11, 12, 3, 14, 4, 5, 16, 17, 18] -> [18]
[22, 44, 66, 45, 67, 24, 46, 25, 69, 26, 48, 49, 29, 70, 50, 51, 73, 30, 74, 31, 53, 32, 54, 78, 35, 57, 79, 36, 58, 38, 39, 60, 61, 40, 62, 63, 42, 64, 21, 43, 65] -> [66, 30, 31]
Average: Precision: 1.0   Recall: 0.39476064
Average F1: 0.5660622
RANKING PARTIZIONE: 30.0
****************************************
****************************************
[0] -> [0]
[11, 12, 3, 14, 4, 5, 16, 17, 18] -> [18]
[22, 44, 66, 45, 67, 24, 46, 25, 69, 26, 48, 49, 29, 70, 50, 51, 73, 30, 74, 31, 53, 32, 54, 78, 35, 57, 79, 36, 58, 38, 39, 60, 61, 40, 62, 63, 42, 64, 21, 43, 65] -> [44, 73]
Average: Precision: 1.0   Recall: 0.38663054
Average F1: 0.55765474
RANKING PARTIZIONE: 30.0
****************************************
****************************************
[0] -> [0]
[11, 12, 3, 14, 4, 5, 16, 17, 18] -> [18]
[22, 44, 66, 45, 67, 24, 46, 25, 69, 26, 48, 49, 29, 70, 50, 51, 73, 30, 74, 31, 53, 32, 54, 78, 35, 57, 79, 36, 58, 38, 39, 60, 61, 40, 62, 63, 42, 64, 21, 43, 65] -> [44, 73]
Average: Precision: 1.0   Recall: 0.38663054
Average F1: 0.55765474
RANKING PARTIZIONE: 30.0
****************************************
****************************************
[0] -> [0]
[11, 12, 3, 14, 4, 5, 16, 17, 18] -> [18]
[22, 44, 66, 45, 67, 24, 46, 25, 69, 26, 48, 49, 29, 70, 50, 51, 73, 30, 74, 31, 53, 32, 54, 78, 35, 57, 79, 36, 58, 38, 39, 60, 61, 40, 62, 63, 42, 64, 21, 43, 65] -> [44, 78, 79, 57, 48, 70, 73]
Average: Precision: 1.0   Recall: 0.42728093
Average F1: 0.5987342
RANKING PARTIZIONE: 30.0
****************************************
****************************************
[0] -> [0]
[11, 12, 3, 14, 4, 5, 16, 17, 18] -> [18]
[22, 44, 66, 45, 67, 24, 46, 25, 69, 26, 48, 49, 29, 70, 50, 51, 73, 30, 74, 31, 53, 32, 54, 78, 35, 57, 79, 36, 58, 38, 39, 60, 61, 40, 62, 63, 42, 64, 21, 43, 65] -> [66, 30, 31]
Average: Precision: 1.0   Recall: 0.39476064
Average F1: 0.5660622
RANKING PARTIZIONE: 30.0
****************************************
****************************************
[0] -> [0]
[11, 12, 3, 14, 4, 5, 16, 17, 18] -> [18]
[22, 44, 66, 45, 67, 24, 46, 25, 69, 26, 48, 49, 29, 70, 50, 51, 73, 30, 74, 31, 53, 32, 54, 78, 35, 57, 79, 36, 58, 38, 39, 60, 61, 40, 62, 63, 42, 64, 21, 43, 65] -> [44, 78, 79, 57, 48, 70, 73]
Average: Precision: 1.0   Recall: 0.42728093
Average F1: 0.5987342
RANKING PARTIZIONE: 30.0
****************************************
****************************************
[0] -> [0]
[11, 12, 3, 14, 4, 5, 16, 17, 18] -> [18]
[22, 44, 66, 45, 67, 24, 46, 25, 69, 26, 48, 49, 29, 70, 50, 51, 73, 30, 74, 31, 53, 32, 54, 78, 35, 57, 79, 36, 58, 38, 39, 60, 61, 40, 62, 63, 42, 64, 21, 43, 65] -> [66, 30, 31]
Average: Precision: 1.0   Recall: 0.39476064
Average F1: 0.5660622
RANKING PARTIZIONE: 30.0
****************************************
****************************************
[0] -> [0]
[11, 12, 3, 14, 4, 5, 16, 17, 18] -> [18]
[22, 44, 66, 45, 67, 24, 46, 25, 69, 26, 48, 49, 29, 70, 50, 51, 73, 30, 74, 31, 53, 32, 54, 78, 35, 57, 79, 36, 58, 38, 39, 60, 61, 40, 62, 63, 42, 64, 21, 43, 65] -> [44, 78, 79, 57, 48, 70, 73]
Average: Precision: 1.0   Recall: 0.42728093
Average F1: 0.5987342
RANKING PARTIZIONE: 30.0
****************************************
****************************************
[0] -> [0]
[11, 12, 3, 14, 4, 5, 16, 17, 18] -> [18]
[22, 44, 66, 45, 67, 24, 46, 25, 69, 26, 48, 49, 29, 70, 50, 51, 73, 30, 74, 31, 53, 32, 54, 78, 35, 57, 79, 36, 58, 38, 39, 60, 61, 40, 62, 63, 42, 64, 21, 43, 65] -> [22, 63]
Average: Precision: 1.0   Recall: 0.38663054
Average F1: 0.55765474
RANKING PARTIZIONE: 30.0
****************************************
****************************************
[0] -> [0]
[11, 12, 3, 14, 4, 5, 16, 17, 18] -> [18]
[22, 44, 66, 45, 67, 24, 46, 25, 69, 26, 48, 49, 29, 70, 50, 51, 73, 30, 74, 31, 53, 32, 54, 78, 35, 57, 79, 36, 58, 38, 39, 60, 61, 40, 62, 63, 42, 64, 21, 43, 65] -> [44, 78, 79, 57, 48, 70, 73]
Average: Precision: 1.0   Recall: 0.42728093
Average F1: 0.5987342
RANKING PARTIZIONE: 30.0
****************************************
****************************************
[0] -> [0]
[11, 12, 3, 14, 4, 5, 16, 17, 18] -> [18]
[22, 44, 66, 45, 67, 24, 46, 25, 69, 26, 48, 49, 29, 70, 50, 51, 73, 30, 74, 31, 53, 32, 54, 78, 35, 57, 79, 36, 58, 38, 39, 60, 61, 40, 62, 63, 42, 64, 21, 43, 65] -> [49, 62]
Average: Precision: 1.0   Recall: 0.38663054
Average F1: 0.55765474
RANKING PARTIZIONE: 30.0
****************************************
****************************************
[0] -> [0]
[11, 12, 3, 14, 4, 5, 16, 17, 18] -> [18]
[22, 44, 66, 45, 67, 24, 46, 25, 69, 26, 48, 49, 29, 70, 50, 51, 73, 30, 74, 31, 53, 32, 54, 78, 35, 57, 79, 36, 58, 38, 39, 60, 61, 40, 62, 63, 42, 64, 21, 43, 65] -> [44, 78, 79, 57, 48, 70, 73]
Average: Precision: 1.0   Recall: 0.42728093
Average F1: 0.5987342
RANKING PARTIZIONE: 30.0
****************************************
****************************************
[0] -> [0]
[11, 12, 3, 14, 4, 5, 16, 17, 18] -> [18]
[22, 44, 66, 45, 67, 24, 46, 25, 69, 26, 48, 49, 29, 70, 50, 51, 73, 30, 74, 31, 53, 32, 54, 78, 35, 57, 79, 36, 58, 38, 39, 60, 61, 40, 62, 63, 42, 64, 21, 43, 65] -> [66, 30, 31]
Average: Precision: 1.0   Recall: 0.39476064
Average F1: 0.5660622
RANKING PARTIZIONE: 30.0
****************************************
****************************************
[0] -> [0]
[11, 12, 3, 14, 4, 5, 16, 17, 18] -> [18]
[22, 44, 66, 45, 67, 24, 46, 25, 69, 26, 48, 49, 29, 70, 50, 51, 73, 30, 74, 31, 53, 32, 54, 78, 35, 57, 79, 36, 58, 38, 39, 60, 61, 40, 62, 63, 42, 64, 21, 43, 65] -> [44, 78, 79, 57, 48, 70, 73]
Average: Precision: 1.0   Recall: 0.42728093
Average F1: 0.5987342
RANKING PARTIZIONE: 30.0
****************************************
****************************************
[0] -> [0]
[11, 12, 3, 14, 4, 5, 16, 17, 18] -> [18]
[22, 44, 66, 45, 67, 24, 46, 25, 69, 26, 48, 49, 29, 70, 50, 51, 73, 30, 74, 31, 53, 32, 54, 78, 35, 57, 79, 36, 58, 38, 39, 60, 61, 40, 62, 63, 42, 64, 21, 43, 65] -> [66, 30, 31]
Average: Precision: 1.0   Recall: 0.39476064
Average F1: 0.5660622
RANKING PARTIZIONE: 30.0
****************************************
****************************************
[0] -> [0]
[11, 12, 3, 14, 4, 5, 16, 17, 18] -> [18]
[22, 44, 66, 45, 67, 24, 46, 25, 69, 26, 48, 49, 29, 70, 50, 51, 73, 30, 74, 31, 53, 32, 54, 78, 35, 57, 79, 36, 58, 38, 39, 60, 61, 40, 62, 63, 42, 64, 21, 43, 65] -> [44, 78, 79, 57, 48, 70, 73]
Average: Precision: 1.0   Recall: 0.42728093
Average F1: 0.5987342
RANKING PARTIZIONE: 30.0
****************************************
****************************************
[0] -> [0]
[11, 12, 3, 14, 4, 5, 16, 17, 18] -> [18]
[22, 44, 66, 45, 67, 24, 46, 25, 69, 26, 48, 49, 29, 70, 50, 51, 73, 30, 74, 31, 53, 32, 54, 78, 35, 57, 79, 36, 58, 38, 39, 60, 61, 40, 62, 63, 42, 64, 21, 43, 65] -> [22, 63]
Average: Precision: 1.0   Recall: 0.38663054
Average F1: 0.55765474
RANKING PARTIZIONE: 30.0
****************************************
****************************************
[0] -> [0]
[11, 12, 3, 14, 4, 5, 16, 17, 18] -> [18]
[22, 44, 66, 45, 67, 24, 46, 25, 69, 26, 48, 49, 29, 70, 50, 51, 73, 30, 74, 31, 53, 32, 54, 78, 35, 57, 79, 36, 58, 38, 39, 60, 61, 40, 62, 63, 42, 64, 21, 43, 65] -> [44, 78, 79, 57, 48, 70, 73]
Average: Precision: 1.0   Recall: 0.42728093
Average F1: 0.5987342
RANKING PARTIZIONE: 30.0
****************************************
****************************************
[0] -> [0]
[11, 12, 3, 14, 4, 5, 16, 17, 18] -> [14]
[22, 44, 66, 45, 67, 24, 46, 25, 69, 26, 48, 49, 29, 70, 50, 51, 73, 30, 74, 31, 53, 32, 54, 78, 35, 57, 79, 36, 58, 38, 39, 60, 61, 40, 62, 63, 42, 64, 21, 43, 65] -> [61, 21]
Average: Precision: 1.0   Recall: 0.38663054
Average F1: 0.55765474
RANKING PARTIZIONE: 30.0
****************************************
****************************************
[0] -> [0]
[11, 12, 3, 14, 4, 5, 16, 17, 18] -> [18]
[22, 44, 66, 45, 67, 24, 46, 25, 69, 26, 48, 49, 29, 70, 50, 51, 73, 30, 74, 31, 53, 32, 54, 78, 35, 57, 79, 36, 58, 38, 39, 60, 61, 40, 62, 63, 42, 64, 21, 43, 65] -> [44, 49, 60, 61, 62, 73, 31, 21, 43, 65]
Average: Precision: 1.0   Recall: 0.4516712
Average F1: 0.62227756
RANKING PARTIZIONE: 30.0
****************************************
****************************************
[0] -> [0]
[11, 12, 3, 14, 4, 5, 16, 17, 18] -> [18]
[22, 44, 66, 45, 67, 24, 46, 25, 69, 26, 48, 49, 29, 70, 50, 51, 73, 30, 74, 31, 53, 32, 54, 78, 35, 57, 79, 36, 58, 38, 39, 60, 61, 40, 62, 63, 42, 64, 21, 43, 65] -> [44, 49, 60, 61, 62, 73, 31, 21, 43, 65]
Average: Precision: 1.0   Recall: 0.4516712
Average F1: 0.62227756
RANKING PARTIZIONE: 30.0
****************************************
****************************************
[0] -> [0]
[11, 12, 3, 14, 4, 5, 16, 17, 18] -> [18]
[22, 44, 66, 45, 67, 24, 46, 25, 69, 26, 48, 49, 29, 70, 50, 51, 73, 30, 74, 31, 53, 32, 54, 78, 35, 57, 79, 36, 58, 38, 39, 60, 61, 40, 62, 63, 42, 64, 21, 43, 65] -> [44, 49, 60, 61, 62, 73, 31, 21, 43, 65]
Average: Precision: 1.0   Recall: 0.4516712
Average F1: 0.62227756
RANKING PARTIZIONE: 30.0
****************************************
****************************************
[0] -> [0]
[11, 12, 3, 14, 4, 5, 16, 17, 18] -> [18]
[22, 44, 66, 45, 67, 24, 46, 25, 69, 26, 48, 49, 29, 70, 50, 51, 73, 30, 74, 31, 53, 32, 54, 78, 35, 57, 79, 36, 58, 38, 39, 60, 61, 40, 62, 63, 42, 64, 21, 43, 65] -> [66, 44, 78, 57, 79, 48, 70, 61, 73, 30, 42, 31, 21]
Average: Precision: 1.0   Recall: 0.47606143
Average F1: 0.64504284
RANKING PARTIZIONE: 30.0
****************************************
****************************************
[0] -> [0]
[11, 12, 3, 14, 4, 5, 16, 17, 18] -> [18]
[22, 44, 66, 45, 67, 24, 46, 25, 69, 26, 48, 49, 29, 70, 50, 51, 73, 30, 74, 31, 53, 32, 54, 78, 35, 57, 79, 36, 58, 38, 39, 60, 61, 40, 62, 63, 42, 64, 21, 43, 65] -> [44, 78, 79, 57, 48, 70, 73]
Average: Precision: 1.0   Recall: 0.42728093
Average F1: 0.5987342
RANKING PARTIZIONE: 30.0
****************************************
****************************************
[0] -> [0]
[11, 12, 3, 14, 4, 5, 16, 17, 18] -> [18]
[22, 44, 66, 45, 67, 24, 46, 25, 69, 26, 48, 49, 29, 70, 50, 51, 73, 30, 74, 31, 53, 32, 54, 78, 35, 57, 79, 36, 58, 38, 39, 60, 61, 40, 62, 63, 42, 64, 21, 43, 65] -> [66, 30, 31]
Average: Precision: 1.0   Recall: 0.39476064
Average F1: 0.5660622
RANKING PARTIZIONE: 30.0
****************************************
****************************************
[0] -> [0]
[11, 12, 3, 14, 4, 5, 16, 17, 18] -> [18]
[22, 44, 66, 45, 67, 24, 46, 25, 69, 26, 48, 49, 29, 70, 50, 51, 73, 30, 74, 31, 53, 32, 54, 78, 35, 57, 79, 36, 58, 38, 39, 60, 61, 40, 62, 63, 42, 64, 21, 43, 65] -> [44, 78, 79, 57, 48, 70, 73]
Average: Precision: 1.0   Recall: 0.42728093
Average F1: 0.5987342
RANKING PARTIZIONE: 30.0
****************************************
****************************************
[0] -> [0]
[11, 12, 3, 14, 4, 5, 16, 17, 18] -> [18]
[22, 44, 66, 45, 67, 24, 46, 25, 69, 26, 48, 49, 29, 70, 50, 51, 73, 30, 74, 31, 53, 32, 54, 78, 35, 57, 79, 36, 58, 38, 39, 60, 61, 40, 62, 63, 42, 64, 21, 43, 65] -> [22, 63]
Average: Precision: 1.0   Recall: 0.38663054
Average F1: 0.55765474
RANKING PARTIZIONE: 30.0
****************************************
****************************************
[0] -> [0]
[11, 12, 3, 14, 4, 5, 16, 17, 18] -> [18]
[22, 44, 66, 45, 67, 24, 46, 25, 69, 26, 48, 49, 29, 70, 50, 51, 73, 30, 74, 31, 53, 32, 54, 78, 35, 57, 79, 36, 58, 38, 39, 60, 61, 40, 62, 63, 42, 64, 21, 43, 65] -> [66, 44, 78, 57, 79, 48, 70, 61, 73, 30, 42, 31, 21]
Average: Precision: 1.0   Recall: 0.47606143
Average F1: 0.64504284
RANKING PARTIZIONE: 30.0
****************************************
****************************************
[0] -> [0]
[11, 12, 3, 14, 4, 5, 16, 17, 18] -> [18]
[22, 44, 66, 45, 67, 24, 46, 25, 69, 26, 48, 49, 29, 70, 50, 51, 73, 30, 74, 31, 53, 32, 54, 78, 35, 57, 79, 36, 58, 38, 39, 60, 61, 40, 62, 63, 42, 64, 21, 43, 65] -> [44, 78, 79, 57, 48, 70, 73]
Average: Precision: 1.0   Recall: 0.42728093
Average F1: 0.5987342
RANKING PARTIZIONE: 30.0
****************************************
****************************************
[0] -> [0]
[11, 12, 3, 14, 4, 5, 16, 17, 18] -> [18]
[22, 44, 66, 45, 67, 24, 46, 25, 69, 26, 48, 49, 29, 70, 50, 51, 73, 30, 74, 31, 53, 32, 54, 78, 35, 57, 79, 36, 58, 38, 39, 60, 61, 40, 62, 63, 42, 64, 21, 43, 65] -> [44, 49, 60, 61, 62, 73, 31, 21, 43, 65]
Average: Precision: 1.0   Recall: 0.4516712
Average F1: 0.62227756
RANKING PARTIZIONE: 30.0
****************************************
****************************************
[0] -> [0]
[11, 12, 3, 14, 4, 5, 16, 17, 18] -> [18]
[22, 44, 66, 45, 67, 24, 46, 25, 69, 26, 48, 49, 29, 70, 50, 51, 73, 30, 74, 31, 53, 32, 54, 78, 35, 57, 79, 36, 58, 38, 39, 60, 61, 40, 62, 63, 42, 64, 21, 43, 65] -> [66, 30, 31]
Average: Precision: 1.0   Recall: 0.39476064
Average F1: 0.5660622
RANKING PARTIZIONE: 30.0
****************************************
****************************************
[0] -> [0]
[11, 12, 3, 14, 4, 5, 16, 17, 18] -> [18]
[22, 44, 66, 45, 67, 24, 46, 25, 69, 26, 48, 49, 29, 70, 50, 51, 73, 30, 74, 31, 53, 32, 54, 78, 35, 57, 79, 36, 58, 38, 39, 60, 61, 40, 62, 63, 42, 64, 21, 43, 65] -> [44, 78, 79, 57, 48, 70, 73]
Average: Precision: 1.0   Recall: 0.42728093
Average F1: 0.5987342
RANKING PARTIZIONE: 30.0
****************************************
****************************************
[0] -> [0]
[11, 12, 3, 14, 4, 5, 16, 17, 18] -> [18]
[22, 44, 66, 45, 67, 24, 46, 25, 69, 26, 48, 49, 29, 70, 50, 51, 73, 30, 74, 31, 53, 32, 54, 78, 35, 57, 79, 36, 58, 38, 39, 60, 61, 40, 62, 63, 42, 64, 21, 43, 65] -> [66, 30, 31]
Average: Precision: 1.0   Recall: 0.39476064
Average F1: 0.5660622
RANKING PARTIZIONE: 30.0
****************************************
****************************************
[0] -> [0]
[11, 12, 3, 14, 4, 5, 16, 17, 18] -> [14]
[22, 44, 66, 45, 67, 24, 46, 25, 69, 26, 48, 49, 29, 70, 50, 51, 73, 30, 74, 31, 53, 32, 54, 78, 35, 57, 79, 36, 58, 38, 39, 60, 61, 40, 62, 63, 42, 64, 21, 43, 65] -> [22, 63]
Average: Precision: 1.0   Recall: 0.38663054
Average F1: 0.55765474
RANKING PARTIZIONE: 30.0
****************************************
****************************************
[0] -> [0]
[11, 12, 3, 14, 4, 5, 16, 17, 18] -> [18]
[22, 44, 66, 45, 67, 24, 46, 25, 69, 26, 48, 49, 29, 70, 50, 51, 73, 30, 74, 31, 53, 32, 54, 78, 35, 57, 79, 36, 58, 38, 39, 60, 61, 40, 62, 63, 42, 64, 21, 43, 65] -> [44, 73]
Average: Precision: 1.0   Recall: 0.38663054
Average F1: 0.55765474
RANKING PARTIZIONE: 30.0
****************************************
****************************************
[0] -> [0]
[11, 12, 3, 14, 4, 5, 16, 17, 18] -> [18]
[22, 44, 66, 45, 67, 24, 46, 25, 69, 26, 48, 49, 29, 70, 50, 51, 73, 30, 74, 31, 53, 32, 54, 78, 35, 57, 79, 36, 58, 38, 39, 60, 61, 40, 62, 63, 42, 64, 21, 43, 65] -> [66, 30, 31]
Average: Precision: 1.0   Recall: 0.39476064
Average F1: 0.5660622
RANKING PARTIZIONE: 30.0
****************************************
****************************************
[0] -> [0]
[11, 12, 3, 14, 4, 5, 16, 17, 18] -> [18]
[22, 44, 66, 45, 67, 24, 46, 25, 69, 26, 48, 49, 29, 70, 50, 51, 73, 30, 74, 31, 53, 32, 54, 78, 35, 57, 79, 36, 58, 38, 39, 60, 61, 40, 62, 63, 42, 64, 21, 43, 65] -> [44, 73]
Average: Precision: 1.0   Recall: 0.38663054
Average F1: 0.55765474
RANKING PARTIZIONE: 30.0
****************************************
****************************************
[0] -> [0]
[11, 12, 3, 14, 4, 5, 16, 17, 18] -> [18]
[22, 44, 66, 45, 67, 24, 46, 25, 69, 26, 48, 49, 29, 70, 50, 51, 73, 30, 74, 31, 53, 32, 54, 78, 35, 57, 79, 36, 58, 38, 39, 60, 61, 40, 62, 63, 42, 64, 21, 43, 65] -> [66, 44, 78, 57, 79, 48, 70, 61, 73, 30, 42, 31, 21]
Average: Precision: 1.0   Recall: 0.47606143
Average F1: 0.64504284
RANKING PARTIZIONE: 30.0
****************************************
****************************************
[0] -> [0]
[11, 12, 3, 14, 4, 5, 16, 17, 18] -> [18]
[22, 44, 66, 45, 67, 24, 46, 25, 69, 26, 48, 49, 29, 70, 50, 51, 73, 30, 74, 31, 53, 32, 54, 78, 35, 57, 79, 36, 58, 38, 39, 60, 61, 40, 62, 63, 42, 64, 21, 43, 65] -> [44, 78, 79, 57, 48, 70, 73]
Average: Precision: 1.0   Recall: 0.42728093
Average F1: 0.5987342
RANKING PARTIZIONE: 30.0
****************************************
EXECUTION TIME: 700 seconds