Website: playStore Range: 4
****************************************
[0, 1, 2] -> [1]
[22, 44, 66, 45, 24, 68, 25, 47, 48, 49, 28, 29, 71, 51, 52, 53, 10, 32, 54, 11, 33, 55, 35, 14, 58, 37, 59, 38, 39, 18, 19, 3, 4, 5, 7, 8, 40, 62, 20, 21, 43, 65] -> [22, 66, 44, 45, 68, 24, 47, 25, 48, 49, 28, 29, 71, 51, 52, 53, 10, 32, 33, 11, 35, 14, 37, 38, 39, 18, 19, 3, 4, 5, 7, 8, 40, 20, 65, 21]
Average: Precision: 1.0   Recall: 0.5952381
Average F1: 0.74626863
RANKING PARTIZIONE: 60.0
****************************************
****************************************
[0, 1, 2] -> [2]
[22, 44, 66, 45, 24, 68, 25, 47, 48, 49, 28, 29, 71, 51, 52, 53, 10, 32, 54, 11, 33, 55, 35, 14, 58, 37, 59, 38, 39, 18, 19, 3, 4, 5, 7, 8, 40, 62, 20, 21, 43, 65] -> [44, 48, 39, 7]
Average: Precision: 1.0   Recall: 0.21428572
Average F1: 0.3529412
RANKING PARTIZIONE: 20.0
****************************************
****************************************
[0, 1, 2] -> [22, 66, 44, 45, 68, 24, 47, 25, 48, 49, 28, 29, 71, 51, 52, 53, 10, 32, 54, 33, 11, 55, 35, 14, 58, 59, 37, 38, 39, 18, 19, 0, 1, 2, 3, 4, 5, 7, 8, 40, 62, 20, 65, 43, 21]
[22, 44, 66, 45, 24, 68, 25, 47, 48, 49, 28, 29, 71, 51, 52, 53, 10, 32, 54, 11, 33, 55, 35, 14, 58, 37, 59, 38, 39, 18, 19, 3, 4, 5, 7, 8, 40, 62, 20, 21, 43, 65] -> []
Average: Precision: 0.033333335   Recall: 0.5
Average F1: 0.0625
RANKING PARTIZIONE: 2.0
****************************************
EXECUTION TIME: 377 seconds