Website: recensioniLibri Range: 4
****************************************
[0] -> [0]
[22, 33, 23, 34, 24, 35, 25, 36, 26, 37, 27, 38, 28, 18, 29, 19, 30, 20, 31, 21, 32] -> [22, 23, 24, 25, 26, 27, 28, 29, 30, 31, 10, 32, 11, 33, 34, 12, 35, 13, 14, 36, 37, 15, 38, 16, 17, 18, 19, 1, 2, 3, 4, 5, 6, 7, 8, 9, 20, 21]
[11, 12, 13, 14, 15, 16, 17, 1, 2, 3, 4, 5, 6, 7, 8, 9, 10] -> []
Average: Precision: 0.51754385   Recall: 0.6666667
Average F1: 0.58271605
RANKING PARTIZIONE: 170.0
****************************************
****************************************
[0] -> [0]
[22, 33, 23, 34, 24, 35, 25, 36, 26, 37, 27, 38, 28, 18, 29, 19, 30, 20, 31, 21, 32] -> [24, 29, 30]
[11, 12, 13, 14, 15, 16, 17, 1, 2, 3, 4, 5, 6, 7, 8, 9, 10] -> [12]
Average: Precision: 1.0   Recall: 0.40056026
Average F1: 0.572
RANKING PARTIZIONE: 90.0
****************************************
****************************************
[0] -> [0]
[22, 33, 23, 34, 24, 35, 25, 36, 26, 37, 27, 38, 28, 18, 29, 19, 30, 20, 31, 21, 32] -> [33, 22, 23, 34, 35, 25, 26, 37, 27, 28, 18, 19, 31, 20, 32, 21]
[11, 12, 13, 14, 15, 16, 17, 1, 2, 3, 4, 5, 6, 7, 8, 9, 10] -> [12]
Average: Precision: 1.0   Recall: 0.60690945
Average F1: 0.7553748
RANKING PARTIZIONE: 90.0
****************************************
****************************************
[0] -> [0]
[22, 33, 23, 34, 24, 35, 25, 36, 26, 37, 27, 38, 28, 18, 29, 19, 30, 20, 31, 21, 32] -> [24, 29, 30]
[11, 12, 13, 14, 15, 16, 17, 1, 2, 3, 4, 5, 6, 7, 8, 9, 10] -> [12]
Average: Precision: 1.0   Recall: 0.40056026
Average F1: 0.572
RANKING PARTIZIONE: 90.0
****************************************
****************************************
[0] -> [0]
[22, 33, 23, 34, 24, 35, 25, 36, 26, 37, 27, 38, 28, 18, 29, 19, 30, 20, 31, 21, 32] -> [22, 23, 24, 36, 27, 28, 29, 30, 20]
[11, 12, 13, 14, 15, 16, 17, 1, 2, 3, 4, 5, 6, 7, 8, 9, 10] -> [12]
Average: Precision: 1.0   Recall: 0.49579835
Average F1: 0.66292137
RANKING PARTIZIONE: 90.0
****************************************
****************************************
[0] -> [0]
[22, 33, 23, 34, 24, 35, 25, 36, 26, 37, 27, 38, 28, 18, 29, 19, 30, 20, 31, 21, 32] -> [24, 37, 29, 30]
[11, 12, 13, 14, 15, 16, 17, 1, 2, 3, 4, 5, 6, 7, 8, 9, 10] -> [12]
Average: Precision: 1.0   Recall: 0.41643324
Average F1: 0.5880027
RANKING PARTIZIONE: 90.0
****************************************
****************************************
[0] -> [0]
[22, 33, 23, 34, 24, 35, 25, 36, 26, 37, 27, 38, 28, 18, 29, 19, 30, 20, 31, 21, 32] -> [24, 37, 29, 30]
[11, 12, 13, 14, 15, 16, 17, 1, 2, 3, 4, 5, 6, 7, 8, 9, 10] -> [12]
Average: Precision: 1.0   Recall: 0.41643324
Average F1: 0.5880027
RANKING PARTIZIONE: 90.0
****************************************
****************************************
[0] -> [0]
[22, 33, 23, 34, 24, 35, 25, 36, 26, 37, 27, 38, 28, 18, 29, 19, 30, 20, 31, 21, 32] -> [36, 28, 29, 30]
[11, 12, 13, 14, 15, 16, 17, 1, 2, 3, 4, 5, 6, 7, 8, 9, 10] -> [12]
Average: Precision: 1.0   Recall: 0.41643324
Average F1: 0.5880027
RANKING PARTIZIONE: 90.0
****************************************
****************************************
[0] -> [0]
[22, 33, 23, 34, 24, 35, 25, 36, 26, 37, 27, 38, 28, 18, 29, 19, 30, 20, 31, 21, 32] -> [24, 29, 19, 30]
[11, 12, 13, 14, 15, 16, 17, 1, 2, 3, 4, 5, 6, 7, 8, 9, 10] -> [12]
Average: Precision: 1.0   Recall: 0.41643324
Average F1: 0.5880027
RANKING PARTIZIONE: 90.0
****************************************
****************************************
[0] -> [0]
[22, 33, 23, 34, 24, 35, 25, 36, 26, 37, 27, 38, 28, 18, 29, 19, 30, 20, 31, 21, 32] -> [24, 29, 30]
[11, 12, 13, 14, 15, 16, 17, 1, 2, 3, 4, 5, 6, 7, 8, 9, 10] -> [12]
Average: Precision: 1.0   Recall: 0.40056026
Average F1: 0.572
RANKING PARTIZIONE: 90.0
****************************************
****************************************
[0] -> [0]
[22, 33, 23, 34, 24, 35, 25, 36, 26, 37, 27, 38, 28, 18, 29, 19, 30, 20, 31, 21, 32] -> [33, 22, 23, 34, 35, 25, 26, 37, 27, 28, 18, 19, 31, 20, 32, 21]
[11, 12, 13, 14, 15, 16, 17, 1, 2, 3, 4, 5, 6, 7, 8, 9, 10] -> [12]
Average: Precision: 1.0   Recall: 0.60690945
Average F1: 0.7553748
RANKING PARTIZIONE: 90.0
****************************************
****************************************
[0] -> [0]
[22, 33, 23, 34, 24, 35, 25, 36, 26, 37, 27, 38, 28, 18, 29, 19, 30, 20, 31, 21, 32] -> [24, 29, 19, 30]
[11, 12, 13, 14, 15, 16, 17, 1, 2, 3, 4, 5, 6, 7, 8, 9, 10] -> [12]
Average: Precision: 1.0   Recall: 0.41643324
Average F1: 0.5880027
RANKING PARTIZIONE: 90.0
****************************************
****************************************
[0] -> [0]
[22, 33, 23, 34, 24, 35, 25, 36, 26, 37, 27, 38, 28, 18, 29, 19, 30, 20, 31, 21, 32] -> [22, 23, 24, 36, 27, 28, 29, 30, 20]
[11, 12, 13, 14, 15, 16, 17, 1, 2, 3, 4, 5, 6, 7, 8, 9, 10] -> [12]
Average: Precision: 1.0   Recall: 0.49579835
Average F1: 0.66292137
RANKING PARTIZIONE: 90.0
****************************************
****************************************
[0] -> [0]
[22, 33, 23, 34, 24, 35, 25, 36, 26, 37, 27, 38, 28, 18, 29, 19, 30, 20, 31, 21, 32] -> [24, 37, 29, 30]
[11, 12, 13, 14, 15, 16, 17, 1, 2, 3, 4, 5, 6, 7, 8, 9, 10] -> [12]
Average: Precision: 1.0   Recall: 0.41643324
Average F1: 0.5880027
RANKING PARTIZIONE: 90.0
****************************************
****************************************
[0] -> [0]
[22, 33, 23, 34, 24, 35, 25, 36, 26, 37, 27, 38, 28, 18, 29, 19, 30, 20, 31, 21, 32] -> [24, 29, 30]
[11, 12, 13, 14, 15, 16, 17, 1, 2, 3, 4, 5, 6, 7, 8, 9, 10] -> [12]
Average: Precision: 1.0   Recall: 0.40056026
Average F1: 0.572
RANKING PARTIZIONE: 90.0
****************************************
****************************************
[0] -> [0]
[22, 33, 23, 34, 24, 35, 25, 36, 26, 37, 27, 38, 28, 18, 29, 19, 30, 20, 31, 21, 32] -> [33, 28]
[11, 12, 13, 14, 15, 16, 17, 1, 2, 3, 4, 5, 6, 7, 8, 9, 10] -> [12]
Average: Precision: 1.0   Recall: 0.38468722
Average F1: 0.5556305
RANKING PARTIZIONE: 90.0
****************************************
****************************************
[0] -> [0]
[22, 33, 23, 34, 24, 35, 25, 36, 26, 37, 27, 38, 28, 18, 29, 19, 30, 20, 31, 21, 32] -> [36, 28, 29, 30]
[11, 12, 13, 14, 15, 16, 17, 1, 2, 3, 4, 5, 6, 7, 8, 9, 10] -> [12]
Average: Precision: 1.0   Recall: 0.41643324
Average F1: 0.5880027
RANKING PARTIZIONE: 90.0
****************************************
****************************************
[0] -> [0]
[22, 33, 23, 34, 24, 35, 25, 36, 26, 37, 27, 38, 28, 18, 29, 19, 30, 20, 31, 21, 32] -> [24, 29, 19, 30]
[11, 12, 13, 14, 15, 16, 17, 1, 2, 3, 4, 5, 6, 7, 8, 9, 10] -> [12]
Average: Precision: 1.0   Recall: 0.41643324
Average F1: 0.5880027
RANKING PARTIZIONE: 90.0
****************************************
****************************************
[0] -> [0]
[22, 33, 23, 34, 24, 35, 25, 36, 26, 37, 27, 38, 28, 18, 29, 19, 30, 20, 31, 21, 32] -> [24, 25, 18, 29, 30]
[11, 12, 13, 14, 15, 16, 17, 1, 2, 3, 4, 5, 6, 7, 8, 9, 10] -> [12]
Average: Precision: 1.0   Recall: 0.4323063
Average F1: 0.6036506
RANKING PARTIZIONE: 90.0
****************************************
****************************************
[0] -> [0]
[22, 33, 23, 34, 24, 35, 25, 36, 26, 37, 27, 38, 28, 18, 29, 19, 30, 20, 31, 21, 32] -> [24, 25, 18, 29, 30]
[11, 12, 13, 14, 15, 16, 17, 1, 2, 3, 4, 5, 6, 7, 8, 9, 10] -> [12]
Average: Precision: 1.0   Recall: 0.4323063
Average F1: 0.6036506
RANKING PARTIZIONE: 90.0
****************************************
****************************************
[0] -> [0]
[22, 33, 23, 34, 24, 35, 25, 36, 26, 37, 27, 38, 28, 18, 29, 19, 30, 20, 31, 21, 32] -> [34, 25, 37, 28, 18]
[11, 12, 13, 14, 15, 16, 17, 1, 2, 3, 4, 5, 6, 7, 8, 9, 10] -> [12]
Average: Precision: 1.0   Recall: 0.4323063
Average F1: 0.6036506
RANKING PARTIZIONE: 90.0
****************************************
****************************************
[0] -> [0]
[22, 33, 23, 34, 24, 35, 25, 36, 26, 37, 27, 38, 28, 18, 29, 19, 30, 20, 31, 21, 32] -> [34, 25, 37, 28, 18]
[11, 12, 13, 14, 15, 16, 17, 1, 2, 3, 4, 5, 6, 7, 8, 9, 10] -> [12]
Average: Precision: 1.0   Recall: 0.4323063
Average F1: 0.6036506
RANKING PARTIZIONE: 90.0
****************************************
****************************************
[0] -> [0]
[22, 33, 23, 34, 24, 35, 25, 36, 26, 37, 27, 38, 28, 18, 29, 19, 30, 20, 31, 21, 32] -> [28, 29, 30]
[11, 12, 13, 14, 15, 16, 17, 1, 2, 3, 4, 5, 6, 7, 8, 9, 10] -> [12]
Average: Precision: 1.0   Recall: 0.40056026
Average F1: 0.572
RANKING PARTIZIONE: 90.0
****************************************
****************************************
[0] -> [0]
[22, 33, 23, 34, 24, 35, 25, 36, 26, 37, 27, 38, 28, 18, 29, 19, 30, 20, 31, 21, 32] -> [28, 29, 30]
[11, 12, 13, 14, 15, 16, 17, 1, 2, 3, 4, 5, 6, 7, 8, 9, 10] -> [12]
Average: Precision: 1.0   Recall: 0.40056026
Average F1: 0.572
RANKING PARTIZIONE: 90.0
****************************************
****************************************
[0] -> [0]
[22, 33, 23, 34, 24, 35, 25, 36, 26, 37, 27, 38, 28, 18, 29, 19, 30, 20, 31, 21, 32] -> [24, 37, 29, 30]
[11, 12, 13, 14, 15, 16, 17, 1, 2, 3, 4, 5, 6, 7, 8, 9, 10] -> [12]
Average: Precision: 1.0   Recall: 0.41643324
Average F1: 0.5880027
RANKING PARTIZIONE: 90.0
****************************************
****************************************
[0] -> [0]
[22, 33, 23, 34, 24, 35, 25, 36, 26, 37, 27, 38, 28, 18, 29, 19, 30, 20, 31, 21, 32] -> [24, 29, 30]
[11, 12, 13, 14, 15, 16, 17, 1, 2, 3, 4, 5, 6, 7, 8, 9, 10] -> [12]
Average: Precision: 1.0   Recall: 0.40056026
Average F1: 0.572
RANKING PARTIZIONE: 90.0
****************************************
****************************************
[0] -> [0]
[22, 33, 23, 34, 24, 35, 25, 36, 26, 37, 27, 38, 28, 18, 29, 19, 30, 20, 31, 21, 32] -> [24, 29, 30]
[11, 12, 13, 14, 15, 16, 17, 1, 2, 3, 4, 5, 6, 7, 8, 9, 10] -> [12]
Average: Precision: 1.0   Recall: 0.40056026
Average F1: 0.572
RANKING PARTIZIONE: 90.0
****************************************
****************************************
[0] -> [0]
[22, 33, 23, 34, 24, 35, 25, 36, 26, 37, 27, 38, 28, 18, 29, 19, 30, 20, 31, 21, 32] -> [36, 28, 29, 30]
[11, 12, 13, 14, 15, 16, 17, 1, 2, 3, 4, 5, 6, 7, 8, 9, 10] -> [12]
Average: Precision: 1.0   Recall: 0.41643324
Average F1: 0.5880027
RANKING PARTIZIONE: 90.0
****************************************
****************************************
[0] -> [0]
[22, 33, 23, 34, 24, 35, 25, 36, 26, 37, 27, 38, 28, 18, 29, 19, 30, 20, 31, 21, 32] -> [24, 29, 19, 30]
[11, 12, 13, 14, 15, 16, 17, 1, 2, 3, 4, 5, 6, 7, 8, 9, 10] -> [12]
Average: Precision: 1.0   Recall: 0.41643324
Average F1: 0.5880027
RANKING PARTIZIONE: 80.0
****************************************
****************************************
[0] -> [0]
[22, 33, 23, 34, 24, 35, 25, 36, 26, 37, 27, 38, 28, 18, 29, 19, 30, 20, 31, 21, 32] -> [24, 28, 18, 29, 30]
[11, 12, 13, 14, 15, 16, 17, 1, 2, 3, 4, 5, 6, 7, 8, 9, 10] -> [12]
Average: Precision: 1.0   Recall: 0.4323063
Average F1: 0.6036506
RANKING PARTIZIONE: 80.0
****************************************
****************************************
[0] -> [0]
[22, 33, 23, 34, 24, 35, 25, 36, 26, 37, 27, 38, 28, 18, 29, 19, 30, 20, 31, 21, 32] -> [24, 28, 18, 29, 19, 30]
[11, 12, 13, 14, 15, 16, 17, 1, 2, 3, 4, 5, 6, 7, 8, 9, 10] -> [12]
Average: Precision: 1.0   Recall: 0.44817927
Average F1: 0.61895555
RANKING PARTIZIONE: 80.0
****************************************
****************************************
[0] -> [0]
[22, 33, 23, 34, 24, 35, 25, 36, 26, 37, 27, 38, 28, 18, 29, 19, 30, 20, 31, 21, 32] -> [22, 36, 26, 28, 18, 29, 19, 32, 21]
[11, 12, 13, 14, 15, 16, 17, 1, 2, 3, 4, 5, 6, 7, 8, 9, 10] -> [12]
Average: Precision: 1.0   Recall: 0.49579835
Average F1: 0.66292137
RANKING PARTIZIONE: 80.0
****************************************
****************************************
[0] -> [0]
[22, 33, 23, 34, 24, 35, 25, 36, 26, 37, 27, 38, 28, 18, 29, 19, 30, 20, 31, 21, 32] -> [24, 29, 19, 30]
[11, 12, 13, 14, 15, 16, 17, 1, 2, 3, 4, 5, 6, 7, 8, 9, 10] -> [12]
Average: Precision: 1.0   Recall: 0.41643324
Average F1: 0.5880027
RANKING PARTIZIONE: 80.0
****************************************
****************************************
[0] -> [0]
[22, 33, 23, 34, 24, 35, 25, 36, 26, 37, 27, 38, 28, 18, 29, 19, 30, 20, 31, 21, 32] -> [24, 29, 19, 30]
[11, 12, 13, 14, 15, 16, 17, 1, 2, 3, 4, 5, 6, 7, 8, 9, 10] -> [12]
Average: Precision: 1.0   Recall: 0.41643324
Average F1: 0.5880027
RANKING PARTIZIONE: 80.0
****************************************
****************************************
[0] -> [0]
[22, 33, 23, 34, 24, 35, 25, 36, 26, 37, 27, 38, 28, 18, 29, 19, 30, 20, 31, 21, 32] -> [24, 28, 18, 29, 19, 30]
[11, 12, 13, 14, 15, 16, 17, 1, 2, 3, 4, 5, 6, 7, 8, 9, 10] -> [12]
Average: Precision: 1.0   Recall: 0.44817927
Average F1: 0.61895555
RANKING PARTIZIONE: 80.0
****************************************
****************************************
[0] -> [0]
[22, 33, 23, 34, 24, 35, 25, 36, 26, 37, 27, 38, 28, 18, 29, 19, 30, 20, 31, 21, 32] -> [24, 29, 19, 30]
[11, 12, 13, 14, 15, 16, 17, 1, 2, 3, 4, 5, 6, 7, 8, 9, 10] -> [12]
Average: Precision: 1.0   Recall: 0.41643324
Average F1: 0.5880027
RANKING PARTIZIONE: 80.0
****************************************
****************************************
[0] -> [0]
[22, 33, 23, 34, 24, 35, 25, 36, 26, 37, 27, 38, 28, 18, 29, 19, 30, 20, 31, 21, 32] -> [24, 28, 18, 29, 30]
[11, 12, 13, 14, 15, 16, 17, 1, 2, 3, 4, 5, 6, 7, 8, 9, 10] -> [12]
Average: Precision: 1.0   Recall: 0.4323063
Average F1: 0.6036506
RANKING PARTIZIONE: 80.0
****************************************
****************************************
[0] -> [0]
[22, 33, 23, 34, 24, 35, 25, 36, 26, 37, 27, 38, 28, 18, 29, 19, 30, 20, 31, 21, 32] -> [34, 25, 37, 28, 18]
[11, 12, 13, 14, 15, 16, 17, 1, 2, 3, 4, 5, 6, 7, 8, 9, 10] -> [12]
Average: Precision: 1.0   Recall: 0.4323063
Average F1: 0.6036506
RANKING PARTIZIONE: 80.0
****************************************
****************************************
[0] -> [0]
[22, 33, 23, 34, 24, 35, 25, 36, 26, 37, 27, 38, 28, 18, 29, 19, 30, 20, 31, 21, 32] -> [34, 25, 37, 28, 18]
[11, 12, 13, 14, 15, 16, 17, 1, 2, 3, 4, 5, 6, 7, 8, 9, 10] -> [12]
Average: Precision: 1.0   Recall: 0.4323063
Average F1: 0.6036506
RANKING PARTIZIONE: 80.0
****************************************
EXECUTION TIME: 427 seconds