Website: theMovieDB Range: 4
****************************************
[0] -> [0]
[23] -> [33, 44, 23, 45, 34, 46, 35, 25, 47, 26, 37, 48, 49, 38, 27, 39, 50, 40, 52, 31, 53, 42, 32, 43]
[1, 2, 3, 4, 5, 6, 7, 9, 10] -> [9, 10]
[27] -> [22]
[25, 26] -> [4]
[33, 44, 34, 45, 35, 46, 47, 37, 48, 38, 49, 39, 50, 40, 52, 31, 42, 53, 32, 43] -> [2]
[22, 55, 12, 56, 30, 54] -> [55]
[24, 28, 29] -> [24, 28, 29]
Average: Precision: 0.5052083   Recall: 0.42361113
Average F1: 0.46082556
RANKING PARTIZIONE: 70.0
****************************************
****************************************
[0] -> [0]
[23] -> [33, 44, 23, 45, 34, 46, 35, 25, 47, 26, 37, 48, 49, 38, 27, 39, 50, 40, 52, 31, 53, 42, 32, 43]
[1, 2, 3, 4, 5, 6, 7, 9, 10] -> [7, 9]
[27] -> [22]
[25, 26] -> [4]
[33, 44, 34, 45, 35, 46, 47, 37, 48, 38, 49, 39, 50, 40, 52, 31, 42, 53, 32, 43] -> [2]
[22, 55, 12, 56, 30, 54] -> [55]
[24, 28, 29] -> [24, 28, 29]
Average: Precision: 0.5052083   Recall: 0.42361113
Average F1: 0.46082556
RANKING PARTIZIONE: 70.0
****************************************
****************************************
[0] -> [0]
[23] -> [44, 45, 23, 46, 47, 25, 26, 48, 49, 27, 28, 29, 50, 52, 31, 53, 32, 33, 34, 35, 37, 38, 39, 40, 42, 43]
[1, 2, 3, 4, 5, 6, 7, 9, 10] -> [9, 10]
[27] -> [22]
[25, 26] -> [4]
[33, 44, 34, 45, 35, 46, 47, 37, 48, 38, 49, 39, 50, 40, 52, 31, 42, 53, 32, 43] -> [2]
[22, 55, 12, 56, 30, 54] -> [55]
[24, 28, 29] -> [24]
Average: Precision: 0.5048077   Recall: 0.3402778
Average F1: 0.40652657
RANKING PARTIZIONE: 70.0
****************************************
****************************************
[0] -> [0]
[23] -> [44, 45, 23, 46, 47, 25, 26, 48, 49, 27, 28, 29, 50, 52, 31, 53, 32, 33, 34, 35, 37, 38, 39, 40, 42, 43]
[1, 2, 3, 4, 5, 6, 7, 9, 10] -> [7, 9, 10]
[27] -> [22]
[25, 26] -> [4]
[33, 44, 34, 45, 35, 46, 47, 37, 48, 38, 49, 39, 50, 40, 52, 31, 42, 53, 32, 43] -> [2]
[22, 55, 12, 56, 30, 54] -> [55]
[24, 28, 29] -> [24]
Average: Precision: 0.5048077   Recall: 0.35416666
Average F1: 0.41627797
RANKING PARTIZIONE: 70.0
****************************************
****************************************
[0] -> [0]
[23] -> [44, 45, 23, 46, 47, 25, 26, 48, 49, 27, 28, 29, 50, 52, 31, 53, 32, 33, 34, 35, 37, 38, 39, 40, 42, 43]
[1, 2, 3, 4, 5, 6, 7, 9, 10] -> [7, 9, 10]
[27] -> [22]
[25, 26] -> [4]
[33, 44, 34, 45, 35, 46, 47, 37, 48, 38, 49, 39, 50, 40, 52, 31, 42, 53, 32, 43] -> [2]
[22, 55, 12, 56, 30, 54] -> [55]
[24, 28, 29] -> [24]
Average: Precision: 0.5048077   Recall: 0.35416666
Average F1: 0.41627797
RANKING PARTIZIONE: 70.0
****************************************
****************************************
[0] -> [0]
[23] -> [44, 45, 23, 46, 47, 25, 26, 48, 49, 27, 28, 29, 50, 52, 31, 53, 32, 33, 34, 35, 37, 38, 39, 40, 42, 43]
[1, 2, 3, 4, 5, 6, 7, 9, 10] -> [7, 9]
[27] -> [22]
[25, 26] -> [4]
[33, 44, 34, 45, 35, 46, 47, 37, 48, 38, 49, 39, 50, 40, 52, 31, 42, 53, 32, 43] -> [2]
[22, 55, 12, 56, 30, 54] -> [55]
[24, 28, 29] -> [24]
Average: Precision: 0.5048077   Recall: 0.3402778
Average F1: 0.40652657
RANKING PARTIZIONE: 60.0
****************************************
****************************************
[0] -> [0]
[23] -> [33, 44, 23, 45, 34, 46, 35, 25, 47, 26, 37, 48, 49, 38, 27, 39, 50, 40, 52, 31, 53, 42, 32, 43]
[1, 2, 3, 4, 5, 6, 7, 9, 10] -> [7, 9, 10]
[27] -> [22]
[25, 26] -> [4]
[33, 44, 34, 45, 35, 46, 47, 37, 48, 38, 49, 39, 50, 40, 52, 31, 42, 53, 32, 43] -> [2]
[22, 55, 12, 56, 30, 54] -> [55]
[24, 28, 29] -> [29]
Average: Precision: 0.5052083   Recall: 0.35416666
Average F1: 0.4164141
RANKING PARTIZIONE: 60.0
****************************************
****************************************
[0] -> [0]
[23] -> [33, 44, 23, 45, 34, 46, 35, 25, 47, 26, 37, 48, 49, 38, 27, 39, 50, 40, 52, 31, 53, 42, 32, 43]
[1, 2, 3, 4, 5, 6, 7, 9, 10] -> [9, 10]
[27] -> [22]
[25, 26] -> [4]
[33, 44, 34, 45, 35, 46, 47, 37, 48, 38, 49, 39, 50, 40, 52, 31, 42, 53, 32, 43] -> [2]
[22, 55, 12, 56, 30, 54] -> [55]
[24, 28, 29] -> [29]
Average: Precision: 0.5052083   Recall: 0.3402778
Average F1: 0.40665638
RANKING PARTIZIONE: 60.0
****************************************
****************************************
[0] -> [0]
[23] -> [33, 44, 23, 45, 34, 46, 35, 25, 47, 26, 37, 48, 49, 38, 27, 39, 50, 40, 52, 31, 53, 42, 32, 43]
[1, 2, 3, 4, 5, 6, 7, 9, 10] -> [7, 9, 10]
[27] -> [22]
[25, 26] -> [4]
[33, 44, 34, 45, 35, 46, 47, 37, 48, 38, 49, 39, 50, 40, 52, 31, 42, 53, 32, 43] -> [2]
[22, 55, 12, 56, 30, 54] -> [55]
[24, 28, 29] -> [29]
Average: Precision: 0.5052083   Recall: 0.35416666
Average F1: 0.4164141
RANKING PARTIZIONE: 50.0
****************************************
****************************************
[0] -> [0]
[23] -> [33, 44, 23, 45, 34, 46, 35, 25, 47, 26, 37, 48, 49, 38, 27, 39, 50, 40, 52, 31, 53, 42, 32, 43]
[1, 2, 3, 4, 5, 6, 7, 9, 10] -> [7, 9]
[27] -> [22]
[25, 26] -> [4]
[33, 44, 34, 45, 35, 46, 47, 37, 48, 38, 49, 39, 50, 40, 52, 31, 42, 53, 32, 43] -> [2]
[22, 55, 12, 56, 30, 54] -> [55]
[24, 28, 29] -> [29]
Average: Precision: 0.5052083   Recall: 0.3402778
Average F1: 0.40665638
RANKING PARTIZIONE: 50.0
****************************************
****************************************
[0] -> [0]
[23] -> [33, 44, 23, 45, 34, 46, 35, 25, 47, 26, 37, 48, 49, 38, 27, 39, 50, 40, 52, 31, 53, 42, 32, 43]
[1, 2, 3, 4, 5, 6, 7, 9, 10] -> [3, 6]
[27] -> [22]
[25, 26] -> [4]
[33, 44, 34, 45, 35, 46, 47, 37, 48, 38, 49, 39, 50, 40, 52, 31, 42, 53, 32, 43] -> [2]
[22, 55, 12, 56, 30, 54] -> [55]
[24, 28, 29] -> [29]
Average: Precision: 0.5052083   Recall: 0.3402778
Average F1: 0.40665638
RANKING PARTIZIONE: 50.0
****************************************
EXECUTION TIME: 675 seconds