Website: unioneSarda Range: 4
****************************************
[0] -> [0, 1, 23, 15]
[38, 19, 220, 210, 221, 211, 212, 114, 213, 214, 215, 216, 217, 207, 218, 208, 219, 61, 209, 62, 65] -> [36, 38, 19, 210, 221, 211, 212, 213, 214, 215, 216, 217, 218, 207, 208, 219, 209, 61, 62, 63, 64, 65]
[11, 22, 15, 16, 17, 18, 1, 2, 3, 4, 5, 6, 7, 8, 9, 10, 21] -> [11]
[23] -> [5]
[24] -> [24]
[36, 37, 63, 64] -> [37]
Average: Precision: 0.68560606   Recall: 0.53559756
Average F1: 0.6013886
RANKING PARTIZIONE: 80.0
****************************************
****************************************
[0] -> [0]
[38, 19, 220, 210, 221, 211, 212, 114, 213, 214, 215, 216, 217, 207, 218, 208, 219, 61, 209, 62, 65] -> [36, 38, 19, 210, 221, 211, 212, 213, 214, 215, 216, 217, 218, 207, 208, 219, 209, 61, 62, 63, 64, 65]
[11, 22, 15, 16, 17, 18, 1, 2, 3, 4, 5, 6, 7, 8, 9, 10, 21] -> [15, 5, 6]
[23] -> [23]
[24] -> [24]
[36, 37, 63, 64] -> [37]
Average: Precision: 0.97727275   Recall: 0.7218721
Average F1: 0.8303776
RANKING PARTIZIONE: 80.0
****************************************
****************************************
[0] -> [0]
[38, 19, 220, 210, 221, 211, 212, 114, 213, 214, 215, 216, 217, 207, 218, 208, 219, 61, 209, 62, 65] -> [221, 212, 213, 38, 217, 19, 207, 208, 209, 61, 62, 65]
[11, 22, 15, 16, 17, 18, 1, 2, 3, 4, 5, 6, 7, 8, 9, 10, 21] -> [15, 5, 6]
[23] -> [23]
[24] -> [24]
[36, 37, 63, 64] -> [36]
Average: Precision: 1.0   Recall: 0.6663165
Average F1: 0.7997478
RANKING PARTIZIONE: 80.0
****************************************
****************************************
[0] -> [0]
[38, 19, 220, 210, 221, 211, 212, 114, 213, 214, 215, 216, 217, 207, 218, 208, 219, 61, 209, 62, 65] -> [19, 220, 210, 221, 212, 214, 215, 216, 217, 207, 208, 219, 209, 61, 63, 65]
[11, 22, 15, 16, 17, 18, 1, 2, 3, 4, 5, 6, 7, 8, 9, 10, 21] -> [15, 5, 6]
[23] -> [23]
[24] -> [24]
[36, 37, 63, 64] -> [36]
Average: Precision: 0.9895833   Recall: 0.6901261
Average F1: 0.8131612
RANKING PARTIZIONE: 80.0
****************************************
****************************************
[0] -> [0, 1, 15]
[38, 19, 220, 210, 221, 211, 212, 114, 213, 214, 215, 216, 217, 207, 218, 208, 219, 61, 209, 62, 65] -> [36, 38, 19, 210, 221, 211, 212, 213, 214, 215, 216, 217, 218, 207, 208, 219, 209, 61, 62, 63, 64, 65]
[11, 22, 15, 16, 17, 18, 1, 2, 3, 4, 5, 6, 7, 8, 9, 10, 21] -> [11]
[23] -> [23]
[24] -> [24]
[36, 37, 63, 64] -> [37]
Average: Precision: 0.86616164   Recall: 0.70226425
Average F1: 0.7756494
RANKING PARTIZIONE: 80.0
****************************************
****************************************
[0] -> [0]
[38, 19, 220, 210, 221, 211, 212, 114, 213, 214, 215, 216, 217, 207, 218, 208, 219, 61, 209, 62, 65] -> [36, 38, 19, 220, 221, 211, 212, 114, 213, 214, 215, 217, 218, 207, 219, 62, 63, 65]
[11, 22, 15, 16, 17, 18, 1, 2, 3, 4, 5, 6, 7, 8, 9, 10, 21] -> [15, 5, 6]
[23] -> [23]
[24] -> [24]
[36, 37, 63, 64] -> [64]
Average: Precision: 0.9814815   Recall: 0.6980626
Average F1: 0.81585896
RANKING PARTIZIONE: 80.0
****************************************
****************************************
[0] -> [0]
[38, 19, 220, 210, 221, 211, 212, 114, 213, 214, 215, 216, 217, 207, 218, 208, 219, 61, 209, 62, 65] -> [36, 19, 220, 210, 221, 212, 214, 215, 216, 217, 207, 208, 219, 209, 61, 63, 65]
[11, 22, 15, 16, 17, 18, 1, 2, 3, 4, 5, 6, 7, 8, 9, 10, 21] -> [15, 5, 6]
[23] -> [23]
[24] -> [24]
[36, 37, 63, 64] -> [64]
Average: Precision: 0.98039216   Recall: 0.6901261
Average F1: 0.8100411
RANKING PARTIZIONE: 70.0
****************************************
****************************************
[0] -> [0]
[38, 19, 220, 210, 221, 211, 212, 114, 213, 214, 215, 216, 217, 207, 218, 208, 219, 61, 209, 62, 65] -> [36, 19, 220, 210, 221, 212, 214, 215, 216, 217, 207, 208, 219, 209, 61, 63, 65]
[11, 22, 15, 16, 17, 18, 1, 2, 3, 4, 5, 6, 7, 8, 9, 10, 21] -> [11]
[23] -> [23]
[24] -> [24]
[36, 37, 63, 64] -> [64]
Average: Precision: 0.98039216   Recall: 0.6705182
Average F1: 0.7963737
RANKING PARTIZIONE: 70.0
****************************************
****************************************
[0] -> [0, 1, 23, 15]
[38, 19, 220, 210, 221, 211, 212, 114, 213, 214, 215, 216, 217, 207, 218, 208, 219, 61, 209, 62, 65] -> [221, 212, 213, 38, 217, 19, 207, 208, 209, 61, 62, 65]
[11, 22, 15, 16, 17, 18, 1, 2, 3, 4, 5, 6, 7, 8, 9, 10, 21] -> [11]
[23] -> [218]
[24] -> [24]
[36, 37, 63, 64] -> [36]
Average: Precision: 0.7083333   Recall: 0.480042
Average F1: 0.57225984
RANKING PARTIZIONE: 70.0
****************************************
****************************************
[0] -> [0, 1, 23, 15]
[38, 19, 220, 210, 221, 211, 212, 114, 213, 214, 215, 216, 217, 207, 218, 208, 219, 61, 209, 62, 65] -> [19, 220, 210, 221, 212, 214, 215, 216, 217, 207, 208, 219, 209, 61, 63, 65]
[11, 22, 15, 16, 17, 18, 1, 2, 3, 4, 5, 6, 7, 8, 9, 10, 21] -> [11]
[23] -> [218]
[24] -> [24]
[36, 37, 63, 64] -> [36]
Average: Precision: 0.6979167   Recall: 0.5038516
Average F1: 0.58521503
RANKING PARTIZIONE: 70.0
****************************************
****************************************
[0] -> [0, 1, 23, 15]
[38, 19, 220, 210, 221, 211, 212, 114, 213, 214, 215, 216, 217, 207, 218, 208, 219, 61, 209, 62, 65] -> [209]
[11, 22, 15, 16, 17, 18, 1, 2, 3, 4, 5, 6, 7, 8, 9, 10, 21] -> [11]
[23] -> [218]
[24] -> [24]
[36, 37, 63, 64] -> [36]
Average: Precision: 0.7083333   Recall: 0.39274046
Average F1: 0.50530887
RANKING PARTIZIONE: 70.0
****************************************
****************************************
[0] -> [0]
[38, 19, 220, 210, 221, 211, 212, 114, 213, 214, 215, 216, 217, 207, 218, 208, 219, 61, 209, 62, 65] -> [209]
[11, 22, 15, 16, 17, 18, 1, 2, 3, 4, 5, 6, 7, 8, 9, 10, 21] -> [15, 5, 6]
[23] -> [23]
[24] -> [24]
[36, 37, 63, 64] -> [36]
Average: Precision: 1.0   Recall: 0.57901496
Average F1: 0.73338753
RANKING PARTIZIONE: 70.0
****************************************
****************************************
[0] -> [0, 1, 23, 15]
[38, 19, 220, 210, 221, 211, 212, 114, 213, 214, 215, 216, 217, 207, 218, 208, 219, 61, 209, 62, 65] -> [36, 38, 19, 220, 221, 211, 212, 114, 213, 214, 215, 217, 218, 207, 219, 62, 63, 65]
[11, 22, 15, 16, 17, 18, 1, 2, 3, 4, 5, 6, 7, 8, 9, 10, 21] -> [11]
[23] -> [209]
[24] -> [24]
[36, 37, 63, 64] -> [64]
Average: Precision: 0.6898148   Recall: 0.5117881
Average F1: 0.5876134
RANKING PARTIZIONE: 70.0
****************************************
****************************************
[0] -> [0, 1, 15]
[38, 19, 220, 210, 221, 211, 212, 114, 213, 214, 215, 216, 217, 207, 218, 208, 219, 61, 209, 62, 65] -> [36, 19, 220, 210, 221, 212, 214, 215, 216, 217, 207, 208, 219, 209, 61, 63, 65]
[11, 22, 15, 16, 17, 18, 1, 2, 3, 4, 5, 6, 7, 8, 9, 10, 21] -> [11]
[23] -> [23]
[24] -> [24]
[36, 37, 63, 64] -> [64]
Average: Precision: 0.86928105   Recall: 0.6705182
Average F1: 0.75707114
RANKING PARTIZIONE: 70.0
****************************************
****************************************
[0] -> [0, 1, 15]
[38, 19, 220, 210, 221, 211, 212, 114, 213, 214, 215, 216, 217, 207, 218, 208, 219, 61, 209, 62, 65] -> [36, 217, 219, 62]
[11, 22, 15, 16, 17, 18, 1, 2, 3, 4, 5, 6, 7, 8, 9, 10, 21] -> [11]
[23] -> [23]
[24] -> [24]
[36, 37, 63, 64] -> [64]
Average: Precision: 0.84722227   Recall: 0.57528013
Average F1: 0.6852574
RANKING PARTIZIONE: 70.0
****************************************
****************************************
[0] -> [0, 1, 15]
[38, 19, 220, 210, 221, 211, 212, 114, 213, 214, 215, 216, 217, 207, 218, 208, 219, 61, 209, 62, 65] -> [19, 220, 210, 221, 212, 214, 215, 216, 217, 207, 208, 219, 209, 61, 63, 65]
[11, 22, 15, 16, 17, 18, 1, 2, 3, 4, 5, 6, 7, 8, 9, 10, 21] -> [11]
[23] -> [23]
[24] -> [24]
[36, 37, 63, 64] -> [36]
Average: Precision: 0.87847227   Recall: 0.6705182
Average F1: 0.76053613
RANKING PARTIZIONE: 70.0
****************************************
****************************************
[0] -> [0, 1, 15]
[38, 19, 220, 210, 221, 211, 212, 114, 213, 214, 215, 216, 217, 207, 218, 208, 219, 61, 209, 62, 65] -> [209]
[11, 22, 15, 16, 17, 18, 1, 2, 3, 4, 5, 6, 7, 8, 9, 10, 21] -> [11]
[23] -> [23]
[24] -> [24]
[36, 37, 63, 64] -> [36]
Average: Precision: 0.8888889   Recall: 0.5594071
Average F1: 0.68667006
RANKING PARTIZIONE: 70.0
****************************************
****************************************
[0] -> [0, 1, 15]
[38, 19, 220, 210, 221, 211, 212, 114, 213, 214, 215, 216, 217, 207, 218, 208, 219, 61, 209, 62, 65] -> [36, 38, 19, 220, 221, 211, 212, 114, 213, 214, 215, 217, 218, 207, 219, 62, 63, 65]
[11, 22, 15, 16, 17, 18, 1, 2, 3, 4, 5, 6, 7, 8, 9, 10, 21] -> [11]
[23] -> [23]
[24] -> [24]
[36, 37, 63, 64] -> [64]
Average: Precision: 0.8703704   Recall: 0.6784547
Average F1: 0.76252234
RANKING PARTIZIONE: 70.0
****************************************
****************************************
[0] -> [0, 1, 15]
[38, 19, 220, 210, 221, 211, 212, 114, 213, 214, 215, 216, 217, 207, 218, 208, 219, 61, 209, 62, 65] -> [221, 212, 213, 38, 217, 19, 207, 208, 209, 61, 62, 65]
[11, 22, 15, 16, 17, 18, 1, 2, 3, 4, 5, 6, 7, 8, 9, 10, 21] -> [11]
[23] -> [23]
[24] -> [24]
[36, 37, 63, 64] -> [36]
Average: Precision: 0.8888889   Recall: 0.64670867
Average F1: 0.7487016
RANKING PARTIZIONE: 70.0
****************************************
****************************************
[0] -> [0, 1, 23, 15]
[38, 19, 220, 210, 221, 211, 212, 114, 213, 214, 215, 216, 217, 207, 218, 208, 219, 61, 209, 62, 65] -> [36, 217, 219, 62]
[11, 22, 15, 16, 17, 18, 1, 2, 3, 4, 5, 6, 7, 8, 9, 10, 21] -> [11]
[23] -> [209]
[24] -> [24]
[36, 37, 63, 64] -> [64]
Average: Precision: 0.6666667   Recall: 0.40861344
Average F1: 0.5066753
RANKING PARTIZIONE: 70.0
****************************************
****************************************
[0] -> [0]
[38, 19, 220, 210, 221, 211, 212, 114, 213, 214, 215, 216, 217, 207, 218, 208, 219, 61, 209, 62, 65] -> [36, 217, 219, 62]
[11, 22, 15, 16, 17, 18, 1, 2, 3, 4, 5, 6, 7, 8, 9, 10, 21] -> [15, 5, 6]
[23] -> [23]
[24] -> [24]
[36, 37, 63, 64] -> [64]
Average: Precision: 0.9583333   Recall: 0.594888
Average F1: 0.73408854
RANKING PARTIZIONE: 70.0
****************************************
****************************************
[0] -> [0, 1, 23, 15]
[38, 19, 220, 210, 221, 211, 212, 114, 213, 214, 215, 216, 217, 207, 218, 208, 219, 61, 209, 62, 65] -> [36, 217, 219, 62]
[11, 22, 15, 16, 17, 18, 1, 2, 3, 4, 5, 6, 7, 8, 9, 10, 21] -> [11]
[23] -> [209]
[24] -> [24]
[36, 37, 63, 64] -> [64]
Average: Precision: 0.6666667   Recall: 0.40861344
Average F1: 0.5066753
RANKING PARTIZIONE: 70.0
****************************************
****************************************
[0] -> [0]
[38, 19, 220, 210, 221, 211, 212, 114, 213, 214, 215, 216, 217, 207, 218, 208, 219, 61, 209, 62, 65] -> [36, 217, 219, 62]
[11, 22, 15, 16, 17, 18, 1, 2, 3, 4, 5, 6, 7, 8, 9, 10, 21] -> [15, 5, 6]
[23] -> [23]
[24] -> [24]
[36, 37, 63, 64] -> [64]
Average: Precision: 0.9583333   Recall: 0.594888
Average F1: 0.73408854
RANKING PARTIZIONE: 70.0
****************************************
****************************************
[0] -> [0, 1, 23, 15]
[38, 19, 220, 210, 221, 211, 212, 114, 213, 214, 215, 216, 217, 207, 218, 208, 219, 61, 209, 62, 65] -> [36, 19, 220, 210, 221, 212, 214, 215, 216, 217, 207, 208, 219, 209, 61, 63, 65]
[11, 22, 15, 16, 17, 18, 1, 2, 3, 4, 5, 6, 7, 8, 9, 10, 21] -> [11]
[23] -> [218]
[24] -> [24]
[36, 37, 63, 64] -> [64]
Average: Precision: 0.6887255   Recall: 0.5038516
Average F1: 0.5819589
RANKING PARTIZIONE: 70.0
****************************************
EXECUTION TIME: 564 seconds