Website: altaRimini Range: 4 Best: 2
****************************************
[0] -> [0]
[11, 1, 2, 3, 4, 5, 6, 7, 29, 8, 9, 10] -> [11, 1, 2, 3, 4, 5, 6, 7, 8, 9, 10]
[22, 44, 23, 45, 24, 46, 25, 47, 26, 48, 27, 49, 28, 50, 51, 31, 32, 33, 12, 34, 13, 35, 14, 36, 15, 37, 16, 38, 17, 39, 18, 19, 40, 41, 20, 42, 21, 43] -> [22, 44, 45, 23, 24, 46, 25, 47, 48, 26, 49, 27, 28, 31, 32, 33, 12, 34, 35, 13, 36, 14, 37, 15, 38, 39, 17, 18, 19, 40, 41, 42, 20, 43, 21]
[30] -> [30]
Average: Precision: 1.0   Recall: 0.95942986
Average F1: 0.97929496
RANKING PARTIZIONE: 130.0
****************************************
****************************************
[0] -> [0]
[11, 1, 2, 3, 4, 5, 6, 7, 29, 8, 9, 10] -> [11, 1, 2, 3, 4, 5, 6, 7, 8, 9, 10]
[22, 44, 23, 45, 24, 46, 25, 47, 26, 48, 27, 49, 28, 50, 51, 31, 32, 33, 12, 34, 13, 35, 14, 36, 15, 37, 16, 38, 17, 39, 18, 19, 40, 41, 20, 42, 21, 43] -> [22, 44, 45, 23, 24, 25, 48, 26, 49, 27, 28, 50, 51, 31, 32, 33, 12, 34, 35, 13, 14, 37, 15, 16, 38, 39, 17, 18, 19, 40, 41, 43, 21]
[30] -> [30]
Average: Precision: 1.0   Recall: 0.94627196
Average F1: 0.9723944
RANKING PARTIZIONE: 120.0
****************************************
EXECUTION TIME: 220 seconds