Website: aranzulla Range: 4 Best: 2
****************************************
[24, 25, 28, 29, 390, 391, 392, 393, 394, 395, 378, 379, 16, 38, 380, 381, 382, 383, 384, 385, 386, 387, 388, 389, 6, 42, 43] -> [24, 25, 28, 29, 390, 391, 392, 393, 394, 395, 378, 379, 16, 38, 380, 381, 382, 383, 384, 385, 386, 387, 388, 389, 6, 42, 43]
[0] -> [0]
[22, 23, 69, 230, 1, 2, 3, 236, 238, 70, 71, 72, 40, 73, 41, 74, 75] -> [2]
Average: Precision: 1.0   Recall: 0.6862745
Average F1: 0.8139535
RANKING PARTIZIONE: 20.0
****************************************
****************************************
[24, 25, 28, 29, 390, 391, 392, 393, 394, 395, 378, 379, 16, 38, 380, 381, 382, 383, 384, 385, 386, 387, 388, 389, 6, 42, 43] -> [378, 379, 43]
[0] -> [0]
[22, 23, 69, 230, 1, 2, 3, 236, 238, 70, 71, 72, 40, 73, 41, 74, 75] -> [3]
Average: Precision: 1.0   Recall: 0.38997826
Average F1: 0.56112856
RANKING PARTIZIONE: 5.0
****************************************
****************************************
[24, 25, 28, 29, 390, 391, 392, 393, 394, 395, 378, 379, 16, 38, 380, 381, 382, 383, 384, 385, 386, 387, 388, 389, 6, 42, 43] -> [378, 16, 392, 394, 43]
[0] -> [0]
[22, 23, 69, 230, 1, 2, 3, 236, 238, 70, 71, 72, 40, 73, 41, 74, 75] -> [3]
Average: Precision: 1.0   Recall: 0.4146696
Average F1: 0.5862423
RANKING PARTIZIONE: 5.0
****************************************
****************************************
[24, 25, 28, 29, 390, 391, 392, 393, 394, 395, 378, 379, 16, 38, 380, 381, 382, 383, 384, 385, 386, 387, 388, 389, 6, 42, 43] -> [378, 379, 43]
[0] -> [0]
[22, 23, 69, 230, 1, 2, 3, 236, 238, 70, 71, 72, 40, 73, 41, 74, 75] -> [3]
Average: Precision: 1.0   Recall: 0.38997826
Average F1: 0.56112856
RANKING PARTIZIONE: 5.0
****************************************
****************************************
[24, 25, 28, 29, 390, 391, 392, 393, 394, 395, 378, 379, 16, 38, 380, 381, 382, 383, 384, 385, 386, 387, 388, 389, 6, 42, 43] -> [378, 16, 392, 394, 43]
[0] -> [0]
[22, 23, 69, 230, 1, 2, 3, 236, 238, 70, 71, 72, 40, 73, 41, 74, 75] -> [3]
Average: Precision: 1.0   Recall: 0.4146696
Average F1: 0.5862423
RANKING PARTIZIONE: 5.0
****************************************
****************************************
[24, 25, 28, 29, 390, 391, 392, 393, 394, 395, 378, 379, 16, 38, 380, 381, 382, 383, 384, 385, 386, 387, 388, 389, 6, 42, 43] -> [24, 25, 28, 29, 390, 391, 392, 393, 394, 395, 378, 379, 16, 38, 380, 381, 382, 383, 384, 385, 386, 387, 388, 389, 6, 42, 43]
[0] -> [0]
[22, 23, 69, 230, 1, 2, 3, 236, 238, 70, 71, 72, 40, 73, 41, 74, 75] -> [23, 41]
Average: Precision: 1.0   Recall: 0.7058824
Average F1: 0.82758623
RANKING PARTIZIONE: 20.0
****************************************
****************************************
[24, 25, 28, 29, 390, 391, 392, 393, 394, 395, 378, 379, 16, 38, 380, 381, 382, 383, 384, 385, 386, 387, 388, 389, 6, 42, 43] -> [379, 391, 380, 394, 383, 384]
[0] -> [0]
[22, 23, 69, 230, 1, 2, 3, 236, 238, 70, 71, 72, 40, 73, 41, 74, 75] -> [23, 41]
Average: Precision: 1.0   Recall: 0.4466231
Average F1: 0.61746985
RANKING PARTIZIONE: 5.0
****************************************
****************************************
[24, 25, 28, 29, 390, 391, 392, 393, 394, 395, 378, 379, 16, 38, 380, 381, 382, 383, 384, 385, 386, 387, 388, 389, 6, 42, 43] -> [379, 391, 380, 394, 383, 384]
[0] -> [0]
[22, 23, 69, 230, 1, 2, 3, 236, 238, 70, 71, 72, 40, 73, 41, 74, 75] -> [23, 41]
Average: Precision: 1.0   Recall: 0.4466231
Average F1: 0.61746985
RANKING PARTIZIONE: 5.0
****************************************
****************************************
[24, 25, 28, 29, 390, 391, 392, 393, 394, 395, 378, 379, 16, 38, 380, 381, 382, 383, 384, 385, 386, 387, 388, 389, 6, 42, 43] -> [379, 391, 380, 394, 384]
[0] -> [0]
[22, 23, 69, 230, 1, 2, 3, 236, 238, 70, 71, 72, 40, 73, 41, 74, 75] -> [23, 41]
Average: Precision: 1.0   Recall: 0.43427742
Average F1: 0.6055696
RANKING PARTIZIONE: 5.0
****************************************
****************************************
[24, 25, 28, 29, 390, 391, 392, 393, 394, 395, 378, 379, 16, 38, 380, 381, 382, 383, 384, 385, 386, 387, 388, 389, 6, 42, 43] -> [386, 381]
[0] -> [0]
[22, 23, 69, 230, 1, 2, 3, 236, 238, 70, 71, 72, 40, 73, 41, 74, 75] -> [23, 41]
Average: Precision: 1.0   Recall: 0.39724037
Average F1: 0.56860703
RANKING PARTIZIONE: 5.0
****************************************
****************************************
[24, 25, 28, 29, 390, 391, 392, 393, 394, 395, 378, 379, 16, 38, 380, 381, 382, 383, 384, 385, 386, 387, 388, 389, 6, 42, 43] -> [378, 379, 43]
[0] -> [0]
[22, 23, 69, 230, 1, 2, 3, 236, 238, 70, 71, 72, 40, 73, 41, 74, 75] -> [23, 41]
Average: Precision: 1.0   Recall: 0.40958607
Average F1: 0.58114374
RANKING PARTIZIONE: 5.0
****************************************
****************************************
[24, 25, 28, 29, 390, 391, 392, 393, 394, 395, 378, 379, 16, 38, 380, 381, 382, 383, 384, 385, 386, 387, 388, 389, 6, 42, 43] -> [378, 16, 392, 394, 43]
[0] -> [0]
[22, 23, 69, 230, 1, 2, 3, 236, 238, 70, 71, 72, 40, 73, 41, 74, 75] -> [23, 41]
Average: Precision: 1.0   Recall: 0.43427742
Average F1: 0.6055696
RANKING PARTIZIONE: 5.0
****************************************
****************************************
[24, 25, 28, 29, 390, 391, 392, 393, 394, 395, 378, 379, 16, 38, 380, 381, 382, 383, 384, 385, 386, 387, 388, 389, 6, 42, 43] -> [378, 379, 43]
[0] -> [0]
[22, 23, 69, 230, 1, 2, 3, 236, 238, 70, 71, 72, 40, 73, 41, 74, 75] -> [3]
Average: Precision: 1.0   Recall: 0.38997826
Average F1: 0.56112856
RANKING PARTIZIONE: 5.0
****************************************
****************************************
[24, 25, 28, 29, 390, 391, 392, 393, 394, 395, 378, 379, 16, 38, 380, 381, 382, 383, 384, 385, 386, 387, 388, 389, 6, 42, 43] -> [378, 16, 392, 394, 43]
[0] -> [0]
[22, 23, 69, 230, 1, 2, 3, 236, 238, 70, 71, 72, 40, 73, 41, 74, 75] -> [3]
Average: Precision: 1.0   Recall: 0.4146696
Average F1: 0.5862423
RANKING PARTIZIONE: 5.0
****************************************
****************************************
[24, 25, 28, 29, 390, 391, 392, 393, 394, 395, 378, 379, 16, 38, 380, 381, 382, 383, 384, 385, 386, 387, 388, 389, 6, 42, 43] -> [24, 387, 38, 28, 6, 390, 381, 382, 393, 395]
[0] -> [0]
[22, 23, 69, 230, 1, 2, 3, 236, 238, 70, 71, 72, 40, 73, 41, 74, 75] -> [23, 41]
Average: Precision: 1.0   Recall: 0.4960058
Average F1: 0.6631068
RANKING PARTIZIONE: 5.0
****************************************
****************************************
[24, 25, 28, 29, 390, 391, 392, 393, 394, 395, 378, 379, 16, 38, 380, 381, 382, 383, 384, 385, 386, 387, 388, 389, 6, 42, 43] -> [379, 391, 380, 394, 384]
[0] -> [0]
[22, 23, 69, 230, 1, 2, 3, 236, 238, 70, 71, 72, 40, 73, 41, 74, 75] -> [23, 41]
Average: Precision: 1.0   Recall: 0.43427742
Average F1: 0.6055696
RANKING PARTIZIONE: 5.0
****************************************
****************************************
[24, 25, 28, 29, 390, 391, 392, 393, 394, 395, 378, 379, 16, 38, 380, 381, 382, 383, 384, 385, 386, 387, 388, 389, 6, 42, 43] -> [28, 43]
[0] -> [0]
[22, 23, 69, 230, 1, 2, 3, 236, 238, 70, 71, 72, 40, 73, 41, 74, 75] -> [23, 41]
Average: Precision: 1.0   Recall: 0.39724037
Average F1: 0.56860703
RANKING PARTIZIONE: 5.0
****************************************
****************************************
[24, 25, 28, 29, 390, 391, 392, 393, 394, 395, 378, 379, 16, 38, 380, 381, 382, 383, 384, 385, 386, 387, 388, 389, 6, 42, 43] -> [378, 379, 43]
[0] -> [0]
[22, 23, 69, 230, 1, 2, 3, 236, 238, 70, 71, 72, 40, 73, 41, 74, 75] -> [23, 41]
Average: Precision: 1.0   Recall: 0.40958607
Average F1: 0.58114374
RANKING PARTIZIONE: 5.0
****************************************
****************************************
[24, 25, 28, 29, 390, 391, 392, 393, 394, 395, 378, 379, 16, 38, 380, 381, 382, 383, 384, 385, 386, 387, 388, 389, 6, 42, 43] -> [378, 16, 392, 394, 43]
[0] -> [0]
[22, 23, 69, 230, 1, 2, 3, 236, 238, 70, 71, 72, 40, 73, 41, 74, 75] -> [23, 41]
Average: Precision: 1.0   Recall: 0.43427742
Average F1: 0.6055696
RANKING PARTIZIONE: 5.0
****************************************
****************************************
[24, 25, 28, 29, 390, 391, 392, 393, 394, 395, 378, 379, 16, 38, 380, 381, 382, 383, 384, 385, 386, 387, 388, 389, 6, 42, 43] -> [386, 381]
[0] -> [0]
[22, 23, 69, 230, 1, 2, 3, 236, 238, 70, 71, 72, 40, 73, 41, 74, 75] -> [3]
Average: Precision: 1.0   Recall: 0.37763253
Average F1: 0.54823405
RANKING PARTIZIONE: 5.0
****************************************
****************************************
[24, 25, 28, 29, 390, 391, 392, 393, 394, 395, 378, 379, 16, 38, 380, 381, 382, 383, 384, 385, 386, 387, 388, 389, 6, 42, 43] -> [28, 43]
[0] -> [0]
[22, 23, 69, 230, 1, 2, 3, 236, 238, 70, 71, 72, 40, 73, 41, 74, 75] -> [3]
Average: Precision: 1.0   Recall: 0.37763253
Average F1: 0.54823405
RANKING PARTIZIONE: 5.0
****************************************
EXECUTION TIME: 322 seconds