Website: campaniaNotizie Range: 4 Best: 2
****************************************
[0] -> [0]
[44, 45, 46, 25, 47, 26, 48, 27, 49, 28, 29, 50, 51, 30, 31, 32, 33, 34, 35, 36, 37, 38, 39, 40, 41, 42, 43] -> [44, 45, 46, 25, 47, 26, 48, 49, 27, 28, 29, 50, 51, 30, 31, 32, 33, 34, 35, 36, 37, 38, 39, 40, 41, 42, 43]
[11, 22, 12, 13, 24, 14, 15, 16, 17, 18, 19, 1, 2, 3, 4, 5, 6, 7, 8, 9, 20, 10, 21] -> [22, 11, 12, 24, 14, 15, 16, 2, 3, 4, 5, 6, 8, 9, 20, 21, 10]
Average: Precision: 1.0   Recall: 0.9130435
Average F1: 0.95454544
RANKING PARTIZIONE: 90.0
****************************************
****************************************
[0] -> [44, 45, 46, 25, 47, 26, 48, 49, 27, 28, 29, 50, 51, 30, 31, 10, 32, 33, 11, 12, 34, 35, 36, 37, 38, 39, 0, 2, 3, 4, 5, 6, 8, 9, 40, 41, 42, 43]
[44, 45, 46, 25, 47, 26, 48, 27, 49, 28, 29, 50, 51, 30, 31, 32, 33, 34, 35, 36, 37, 38, 39, 40, 41, 42, 43] -> [24]
[11, 22, 12, 13, 24, 14, 15, 16, 17, 18, 19, 1, 2, 3, 4, 5, 6, 7, 8, 9, 20, 10, 21] -> [13]
Average: Precision: 0.34210527   Recall: 0.3478261
Average F1: 0.34494194
RANKING PARTIZIONE: 100.0
****************************************
EXECUTION TIME: 286 seconds