Website: direttaSicilia Range: 4 Best: 2
****************************************
[0] -> [0]
[25, 26, 27, 28, 29, 132, 133, 134, 135, 136, 137, 138, 139, 30, 31, 32, 76, 11, 33, 77, 12, 34, 13, 35, 16, 38, 17, 39, 18, 19, 180, 181, 182, 163, 164, 165, 3, 148, 106, 128, 8, 40] -> [25, 26, 27, 28, 29, 132, 133, 134, 135, 136, 137, 138, 139, 30, 31, 76, 32, 77, 11, 33, 34, 12, 13, 35, 16, 38, 17, 39, 18, 19, 180, 181, 182, 163, 164, 165, 3, 148, 106, 128, 8, 40]
[1, 2] -> [1]
Average: Precision: 1.0   Recall: 0.8333333
Average F1: 0.90909094
RANKING PARTIZIONE: 50.0
****************************************
****************************************
[0] -> [0]
[25, 26, 27, 28, 29, 132, 133, 134, 135, 136, 137, 138, 139, 30, 31, 32, 76, 11, 33, 77, 12, 34, 13, 35, 16, 38, 17, 39, 18, 19, 180, 181, 182, 163, 164, 165, 3, 148, 106, 128, 8, 40] -> [25, 26, 27, 28, 29, 132, 133, 134, 135, 136, 137, 138, 139, 30, 31, 76, 32, 77, 11, 33, 34, 12, 13, 35, 16, 38, 17, 39, 18, 19, 180, 181, 182, 163, 164, 165, 1, 2, 3, 148, 106, 128, 8, 40]
[1, 2] -> []
Average: Precision: 0.6515152   Recall: 0.6666667
Average F1: 0.65900385
RANKING PARTIZIONE: 110.0
****************************************
EXECUTION TIME: 231 seconds