Website: ekathimerini Range: 4 Best: 2
****************************************
[0] -> [0, 61]
[2] -> [2]
[44, 45, 24, 46, 25, 47, 26, 48, 27, 49, 28, 29, 51, 30, 52, 31, 53, 54, 33, 55, 12, 34, 56, 13, 35, 57, 14, 36, 58, 15, 59, 16, 38, 17, 18, 19, 4, 6, 7, 8, 9, 60, 61, 40, 41, 20, 42, 21] -> [44, 45, 46, 25, 47, 48, 49, 29, 51, 53, 31, 54, 55, 33, 56, 57, 13, 35, 14, 36, 15, 59, 38, 17, 18, 19, 4, 6, 7, 8, 9, 60, 40, 41, 20, 42]
Average: Precision: 0.8333333   Recall: 0.9166667
Average F1: 0.8730159
RANKING PARTIZIONE: 80.0
****************************************
****************************************
[0] -> [0, 61]
[2] -> [2]
[44, 45, 24, 46, 25, 47, 26, 48, 27, 49, 28, 29, 51, 30, 52, 31, 53, 54, 33, 55, 12, 34, 56, 13, 35, 57, 14, 36, 58, 15, 59, 16, 38, 17, 18, 19, 4, 6, 7, 8, 9, 60, 61, 40, 41, 20, 42, 21] -> [44, 45, 46, 25, 47, 48, 49, 29, 51, 53, 31, 54, 55, 33, 56, 57, 35, 14, 36, 59, 38, 17, 18, 19, 4, 6, 7, 8, 9, 60, 40, 41, 20, 42]
Average: Precision: 0.8333333   Recall: 0.90277773
Average F1: 0.8666666
RANKING PARTIZIONE: 70.0
****************************************
****************************************
[0] -> [0, 61]
[2] -> [2]
[44, 45, 24, 46, 25, 47, 26, 48, 27, 49, 28, 29, 51, 30, 52, 31, 53, 54, 33, 55, 12, 34, 56, 13, 35, 57, 14, 36, 58, 15, 59, 16, 38, 17, 18, 19, 4, 6, 7, 8, 9, 60, 61, 40, 41, 20, 42, 21] -> [44, 45, 46, 25, 47, 48, 49, 29, 51, 53, 31, 54, 55, 33, 56, 57, 35, 14, 36, 59, 38, 17, 18, 19, 4, 6, 7, 8, 9, 60, 40, 41, 20, 42]
Average: Precision: 0.8333333   Recall: 0.90277773
Average F1: 0.8666666
RANKING PARTIZIONE: 70.0
****************************************
****************************************
[0] -> [0, 61]
[2] -> [2]
[44, 45, 24, 46, 25, 47, 26, 48, 27, 49, 28, 29, 51, 30, 52, 31, 53, 54, 33, 55, 12, 34, 56, 13, 35, 57, 14, 36, 58, 15, 59, 16, 38, 17, 18, 19, 4, 6, 7, 8, 9, 60, 61, 40, 41, 20, 42, 21] -> [44, 45, 24, 46, 25, 47, 48, 27, 49, 28, 51, 52, 53, 31, 55, 33, 56, 57, 13, 35, 14, 36, 58, 15, 59, 16, 38, 17, 18, 19, 4, 6, 7, 8, 40, 41, 20, 42, 21]
Average: Precision: 0.8333333   Recall: 0.9375
Average F1: 0.882353
RANKING PARTIZIONE: 80.0
****************************************
EXECUTION TIME: 367 seconds