Website: eliteSurgelati Range: 4 Best: 2
****************************************
[0] -> [0]
[22, 88, 23, 89, 24, 25, 26, 27, 28, 29, 90, 91, 92, 30, 31, 10, 32, 11, 33, 12, 34, 13, 35, 14, 16, 17, 18, 19, 9, 20, 21, 87] -> [22, 88, 89, 23, 24, 25, 26, 27, 28, 29, 90, 91, 92, 93, 30, 31, 10, 32, 33, 11, 12, 34, 35, 13, 14, 36, 37, 16, 38, 17, 18, 19, 1, 2, 3, 4, 5, 6, 7, 8, 9, 20, 87, 21]
[1, 2, 3, 36, 4, 37, 5, 38, 6, 7, 8, 93] -> []
Average: Precision: 0.57575756   Recall: 0.6666667
Average F1: 0.6178862
RANKING PARTIZIONE: 650.0
****************************************
****************************************
[0] -> [0]
[22, 88, 23, 89, 24, 25, 26, 27, 28, 29, 90, 91, 92, 30, 31, 10, 32, 11, 33, 12, 34, 13, 35, 14, 16, 17, 18, 19, 9, 20, 21, 87] -> [22, 88, 89, 23, 24, 25, 26, 27, 28, 29, 90, 91, 92, 30, 31, 10, 32, 33, 11, 12, 34, 35, 13, 14, 16, 17, 18, 19, 8, 9, 20, 87, 21]
[1, 2, 3, 36, 4, 37, 5, 38, 6, 7, 8, 93] -> [1, 2, 3, 36, 37, 4, 5, 6, 7, 93]
Average: Precision: 0.989899   Recall: 0.9444444
Average F1: 0.9666377
RANKING PARTIZIONE: 250.0
****************************************
EXECUTION TIME: 207 seconds