Website: findus Range: 4 Best: 2
****************************************
[0] -> [0]
[12, 23, 13, 24, 14, 25, 16, 17, 3, 4, 5, 7, 8, 9, 31, 10, 21] -> [24, 25, 5, 16, 7, 8, 9, 31, 21, 10]
[11, 33, 44, 34, 56, 59, 38, 49, 39, 40, 30, 41, 42, 54] -> [11, 30]
[88, 90, 80, 91, 81, 92, 82, 83, 94, 95, 96, 86, 87] -> [88, 90, 91, 80, 92, 81, 82, 83, 94, 95, 96, 86, 87]
Average: Precision: 1.0   Recall: 0.6827731
Average F1: 0.81148565
RANKING PARTIZIONE: 90.0
****************************************
****************************************
[0] -> [0]
[12, 23, 13, 24, 14, 25, 16, 17, 3, 4, 5, 7, 8, 9, 31, 10, 21] -> [12, 23, 13, 24, 14, 25, 16, 3, 4, 5, 7, 8, 9, 31, 10]
[11, 33, 44, 34, 56, 59, 38, 49, 39, 40, 30, 41, 42, 54] -> [11, 30]
[88, 90, 80, 91, 81, 92, 82, 83, 94, 95, 96, 86, 87] -> [88, 90, 91, 80, 92, 81, 82, 83, 94, 95, 96, 86, 87]
Average: Precision: 1.0   Recall: 0.75630254
Average F1: 0.861244
RANKING PARTIZIONE: 100.0
****************************************
****************************************
[0] -> [0]
[12, 23, 13, 24, 14, 25, 16, 17, 3, 4, 5, 7, 8, 9, 31, 10, 21] -> [24, 25, 5, 16, 7, 8, 9, 31, 21, 10]
[11, 33, 44, 34, 56, 59, 38, 49, 39, 40, 30, 41, 42, 54] -> [11, 30]
[88, 90, 80, 91, 81, 92, 82, 83, 94, 95, 96, 86, 87] -> [90]
Average: Precision: 1.0   Recall: 0.45200393
Average F1: 0.6225932
RANKING PARTIZIONE: 90.0
****************************************
****************************************
[0] -> [0]
[12, 23, 13, 24, 14, 25, 16, 17, 3, 4, 5, 7, 8, 9, 31, 10, 21] -> [12, 23, 13, 24, 14, 25, 16, 3, 4, 5, 7, 8, 9, 31, 10]
[11, 33, 44, 34, 56, 59, 38, 49, 39, 40, 30, 41, 42, 54] -> [11, 30]
[88, 90, 80, 91, 81, 92, 82, 83, 94, 95, 96, 86, 87] -> [90]
Average: Precision: 1.0   Recall: 0.5255333
Average F1: 0.6889831
RANKING PARTIZIONE: 100.0
****************************************
EXECUTION TIME: 426 seconds