Website: ilFriuli Range: 4 Best: 2
****************************************
[0] -> [0]
[1, 2, 3] -> [1, 2, 3]
[22, 44, 23, 24, 25, 26, 27, 28, 29, 30, 31, 10, 32, 11, 33, 12, 34, 13, 35, 14, 36, 15, 37, 16, 38, 17, 39, 18, 19, 4, 5, 6, 7, 8, 9, 40, 41, 20, 42, 21, 43] -> [12, 36, 37, 16, 38, 5, 17, 18]
Average: Precision: 1.0   Recall: 0.73170733
Average F1: 0.8450704
RANKING PARTIZIONE: 70.0
****************************************
****************************************
[0] -> [0]
[1, 2, 3] -> [1, 2, 3]
[22, 44, 23, 24, 25, 26, 27, 28, 29, 30, 31, 10, 32, 11, 33, 12, 34, 13, 35, 14, 36, 15, 37, 16, 38, 17, 39, 18, 19, 4, 5, 6, 7, 8, 9, 40, 41, 20, 42, 21, 43] -> [22, 44, 23, 24, 25, 26, 27, 28, 29, 30, 31, 10, 32, 11, 33, 12, 34, 13, 35, 36, 14, 37, 15, 16, 38, 39, 17, 18, 19, 4, 5, 6, 7, 8, 9, 40, 41, 42, 20, 43, 21]
Average: Precision: 1.0   Recall: 1.0
Average F1: 1.0
RANKING PARTIZIONE: 190.0
****************************************
****************************************
[0] -> [0]
[1, 2, 3] -> [1, 2, 3]
[22, 44, 23, 24, 25, 26, 27, 28, 29, 30, 31, 10, 32, 11, 33, 12, 34, 13, 35, 14, 36, 15, 37, 16, 38, 17, 39, 18, 19, 4, 5, 6, 7, 8, 9, 40, 41, 20, 42, 21, 43] -> [36, 37, 16, 38, 17]
Average: Precision: 1.0   Recall: 0.70731705
Average F1: 0.8285714
RANKING PARTIZIONE: 70.0
****************************************
****************************************
[0] -> [0]
[1, 2, 3] -> [1, 2, 3]
[22, 44, 23, 24, 25, 26, 27, 28, 29, 30, 31, 10, 32, 11, 33, 12, 34, 13, 35, 14, 36, 15, 37, 16, 38, 17, 39, 18, 19, 4, 5, 6, 7, 8, 9, 40, 41, 20, 42, 21, 43] -> [22, 44, 23, 24, 25, 26, 27, 28, 29, 30, 31, 10, 32, 11, 33, 12, 34, 13, 35, 36, 37, 15, 16, 38, 39, 17, 18, 19, 4, 5, 6, 7, 8, 9, 40, 41, 42, 20, 43, 21]
Average: Precision: 1.0   Recall: 0.9918699
Average F1: 0.9959184
RANKING PARTIZIONE: 70.0
****************************************
EXECUTION TIME: 329 seconds