Website: jb Range: 4 Best: 2
****************************************
[0] -> [0, 20]
[22, 66, 23, 67, 46, 25, 47, 27, 49, 28, 29, 50, 51, 30, 31, 10, 32, 11, 33, 55, 12, 56, 35, 57, 14, 58, 15, 37, 16, 38, 1, 2, 3, 4, 6, 7, 9, 60, 62, 41, 63, 42, 64, 43, 65] -> [66, 44, 22, 67, 23, 46, 25, 47, 48, 49, 27, 28, 29, 50, 51, 52, 30, 31, 10, 32, 33, 11, 55, 12, 56, 57, 35, 14, 58, 15, 37, 38, 16, 1, 2, 3, 4, 6, 7, 9, 60, 62, 63, 41, 64, 42, 65, 43]
[44, 48, 52, 20] -> []
Average: Precision: 0.47916666   Recall: 0.6666667
Average F1: 0.55757576
RANKING PARTIZIONE: 210.0
****************************************
****************************************
[0] -> [0]
[22, 66, 23, 67, 46, 25, 47, 27, 49, 28, 29, 50, 51, 30, 31, 10, 32, 11, 33, 55, 12, 56, 35, 57, 14, 58, 15, 37, 16, 38, 1, 2, 3, 4, 6, 7, 9, 60, 62, 41, 63, 42, 64, 43, 65] -> [66, 67, 46, 47, 49, 50, 51, 10, 11, 55, 12, 56, 57, 35, 14, 58, 15, 37, 38, 16, 1, 2, 3, 4, 6, 7, 9, 60, 62, 63, 41, 64, 42, 65, 43]
[44, 48, 52, 20] -> [48, 52]
Average: Precision: 1.0   Recall: 0.7592592
Average F1: 0.86315787
RANKING PARTIZIONE: 60.0
****************************************
EXECUTION TIME: 251 seconds