Website: notizieMolise Range: 4 Best: 2
****************************************
[22, 99, 26, 37, 38, 39, 1, 103, 104, 6, 92, 93, 94, 40, 95, 41, 31, 32, 43, 98] -> [26, 38, 39, 6, 94, 31]
[0] -> [0]
[66, 45, 67, 47, 49, 50, 52, 55, 56, 78, 14, 59, 17, 18, 2, 4, 5, 80, 9, 81, 60, 82, 83, 63, 85, 64, 86] -> [66, 45, 67, 47, 49, 50, 52, 55, 78, 56, 14, 59, 17, 18, 2, 4, 5, 80, 9, 81, 82, 60, 83, 63, 85, 86, 64]
Average: Precision: 1.0   Recall: 0.76666665
Average F1: 0.8679245
RANKING PARTIZIONE: 180.0
****************************************
****************************************
[22, 99, 26, 37, 38, 39, 1, 103, 104, 6, 92, 93, 94, 40, 95, 41, 31, 32, 43, 98] -> [22, 1, 38, 39, 6, 94]
[0] -> [0]
[66, 45, 67, 47, 49, 50, 52, 55, 56, 78, 14, 59, 17, 18, 2, 4, 5, 80, 9, 81, 60, 82, 83, 63, 85, 64, 86] -> [66, 45, 67, 47, 49, 50, 52, 55, 78, 56, 14, 59, 17, 18, 2, 4, 5, 80, 9, 81, 82, 60, 83, 63, 85, 86, 64]
Average: Precision: 1.0   Recall: 0.76666665
Average F1: 0.8679245
RANKING PARTIZIONE: 200.0
****************************************
****************************************
[22, 99, 26, 37, 38, 39, 1, 103, 104, 6, 92, 93, 94, 40, 95, 41, 31, 32, 43, 98] -> [1, 26, 39, 6, 31]
[0] -> [0]
[66, 45, 67, 47, 49, 50, 52, 55, 56, 78, 14, 59, 17, 18, 2, 4, 5, 80, 9, 81, 60, 82, 83, 63, 85, 64, 86] -> [66, 45, 67, 47, 49, 50, 52, 55, 78, 56, 14, 59, 17, 18, 2, 4, 5, 80, 9, 81, 82, 60, 83, 63, 85, 86, 64]
Average: Precision: 1.0   Recall: 0.75
Average F1: 0.85714287
RANKING PARTIZIONE: 180.0
****************************************
****************************************
[22, 99, 26, 37, 38, 39, 1, 103, 104, 6, 92, 93, 94, 40, 95, 41, 31, 32, 43, 98] -> [1, 39, 6]
[0] -> [0]
[66, 45, 67, 47, 49, 50, 52, 55, 56, 78, 14, 59, 17, 18, 2, 4, 5, 80, 9, 81, 60, 82, 83, 63, 85, 64, 86] -> [66, 45, 67, 47, 49, 50, 52, 55, 78, 56, 14, 59, 17, 18, 2, 4, 5, 80, 9, 81, 82, 60, 83, 63, 85, 86, 64]
Average: Precision: 1.0   Recall: 0.7166667
Average F1: 0.83495146
RANKING PARTIZIONE: 200.0
****************************************
****************************************
[22, 99, 26, 37, 38, 39, 1, 103, 104, 6, 92, 93, 94, 40, 95, 41, 31, 32, 43, 98] -> [22, 1, 26, 38, 39, 6, 94, 31]
[0] -> [0]
[66, 45, 67, 47, 49, 50, 52, 55, 56, 78, 14, 59, 17, 18, 2, 4, 5, 80, 9, 81, 60, 82, 83, 63, 85, 64, 86] -> [66, 45, 67, 47, 49, 50, 52, 55, 78, 56, 14, 59, 17, 18, 2, 4, 5, 80, 9, 81, 82, 60, 83, 63, 85, 86, 64]
Average: Precision: 1.0   Recall: 0.8
Average F1: 0.88888896
RANKING PARTIZIONE: 180.0
****************************************
EXECUTION TIME: 574 seconds