Website: quotidianoPiemontese Range: 4 Best: 2
****************************************
[0] -> [0]
[1, 2, 3] -> [1, 2, 3]
[22, 44, 23, 45, 24, 46, 25, 47, 26, 27, 28, 29, 30, 31, 10, 32, 11, 33, 12, 34, 13, 35, 14, 36, 15, 37, 16, 38, 17, 39, 18, 19, 4, 5, 6, 7, 8, 9, 40, 41, 20, 42, 21, 43] -> [44, 22, 23, 45, 24, 46, 47, 25, 26, 27, 28, 29, 30, 31, 10, 32, 11, 33, 12, 34, 35, 13, 36, 14, 15, 37, 38, 16, 17, 39, 18, 19, 4, 5, 6, 7, 8, 9, 40, 41, 42, 20, 21, 43]
Average: Precision: 1.0   Recall: 1.0
Average F1: 1.0
RANKING PARTIZIONE: 80.0
****************************************
****************************************
[0] -> [0]
[1, 2, 3] -> [44, 22, 23, 45, 24, 46, 47, 25, 26, 27, 28, 29, 30, 31, 10, 32, 11, 33, 12, 34, 35, 13, 36, 14, 15, 37, 38, 16, 17, 39, 18, 19, 1, 2, 3, 4, 5, 6, 7, 8, 9, 40, 41, 42, 20, 21, 43]
[22, 44, 23, 45, 24, 46, 25, 47, 26, 27, 28, 29, 30, 31, 10, 32, 11, 33, 12, 34, 13, 35, 14, 36, 15, 37, 16, 38, 17, 39, 18, 19, 4, 5, 6, 7, 8, 9, 40, 41, 20, 42, 21, 43] -> []
Average: Precision: 0.35460994   Recall: 0.6666667
Average F1: 0.46296299
RANKING PARTIZIONE: 100.0
****************************************
EXECUTION TIME: 180 seconds