Website: quotidianoDiGela Range: 4 Best: 2
****************************************
[11, 22, 12, 23, 13, 24, 14, 15, 16, 17, 18, 19, 1, 2, 3, 4, 5, 6, 7, 8, 9, 20, 10, 21] -> [18]
[0] -> [0]
[44, 45, 46, 25, 47, 26, 48, 27, 49, 28, 29, 30, 31, 32, 33, 34, 35, 36, 37, 38, 39, 40, 41, 42, 43] -> [33, 44, 34, 45, 35, 46, 36, 25, 47, 37, 48, 26, 38, 49, 27, 29, 30, 41, 42, 31, 32, 43]
Average: Precision: 1.0   Recall: 0.64055556
Average F1: 0.7809008
RANKING PARTIZIONE: 180.0
****************************************
****************************************
[11, 22, 12, 23, 13, 24, 14, 15, 16, 17, 18, 19, 1, 2, 3, 4, 5, 6, 7, 8, 9, 20, 10, 21] -> [18]
[0] -> [0]
[44, 45, 46, 25, 47, 26, 48, 27, 49, 28, 29, 30, 31, 32, 33, 34, 35, 36, 37, 38, 39, 40, 41, 42, 43] -> [28, 39, 40]
Average: Precision: 1.0   Recall: 0.3872222
Average F1: 0.5582699
RANKING PARTIZIONE: 180.0
****************************************
****************************************
[11, 22, 12, 23, 13, 24, 14, 15, 16, 17, 18, 19, 1, 2, 3, 4, 5, 6, 7, 8, 9, 20, 10, 21] -> [18]
[0] -> [0]
[44, 45, 46, 25, 47, 26, 48, 27, 49, 28, 29, 30, 31, 32, 33, 34, 35, 36, 37, 38, 39, 40, 41, 42, 43] -> [44, 45, 46, 25, 47, 48, 26, 49, 27, 28, 29, 30, 31, 32, 33, 34, 35, 36, 37, 38, 39, 40, 41, 42, 43]
Average: Precision: 1.0   Recall: 0.6805555
Average F1: 0.80991733
RANKING PARTIZIONE: 260.0
****************************************
EXECUTION TIME: 636 seconds