Website: timesOfIndia Range: 4 Best: 2
****************************************
[0] -> [0]
[66, 23, 45, 14, 58, 26, 48, 49, 39, 121, 122, 114, 5, 115, 72, 51, 30, 31, 64, 10, 32, 43, 54] -> [66, 14, 58, 48, 26, 49, 121, 122, 114, 115, 72, 51, 30, 64, 32, 54]
[89, 170, 193, 172, 194, 173, 184, 141, 186, 176, 177, 188, 189, 168, 103, 213, 224, 225, 215, 139, 208] -> [89, 170, 193, 194, 172, 173, 184, 141, 186, 176, 188, 177, 189, 168, 213, 103, 224, 225, 215, 139, 208]
Average: Precision: 1.0   Recall: 0.89855075
Average F1: 0.9465649
RANKING PARTIZIONE: 70.0
****************************************
****************************************
[0] -> [0]
[66, 23, 45, 14, 58, 26, 48, 49, 39, 121, 122, 114, 5, 115, 72, 51, 30, 31, 64, 10, 32, 43, 54] -> [66, 14, 58, 48, 26, 49, 121, 122, 114, 115, 72, 51, 30, 64, 32, 54]
[89, 170, 193, 172, 194, 173, 184, 141, 186, 176, 177, 188, 189, 168, 103, 213, 224, 225, 215, 139, 208] -> [177, 189, 213, 224, 215, 139, 193, 194, 184, 186]
Average: Precision: 1.0   Recall: 0.7239476
Average F1: 0.83987194
RANKING PARTIZIONE: 60.0
****************************************
EXECUTION TIME: 718 seconds