Website: turismo Range: 4 Best: 2
****************************************
[0] -> [0]
[1, 2, 3, 4, 5, 6, 7, 8] -> [1, 2, 3, 4, 5, 6, 7, 8]
[22, 23, 24, 25, 26, 27, 28, 29, 30, 31, 10, 32, 11, 33, 12, 34, 13, 35, 15, 16, 17, 18, 19, 9, 20, 21] -> [33, 11, 34, 25, 16, 27, 17, 28, 18, 29, 9]
Average: Precision: 1.0   Recall: 0.8076923
Average F1: 0.89361703
RANKING PARTIZIONE: 120.0
****************************************
****************************************
[0] -> [0]
[1, 2, 3, 4, 5, 6, 7, 8] -> [1, 2, 3, 4, 5, 6, 7, 8]
[22, 23, 24, 25, 26, 27, 28, 29, 30, 31, 10, 32, 11, 33, 12, 34, 13, 35, 15, 16, 17, 18, 19, 9, 20, 21] -> [25, 16, 27, 17, 28, 18, 29, 9]
Average: Precision: 1.0   Recall: 0.7692308
Average F1: 0.8695652
RANKING PARTIZIONE: 120.0
****************************************
****************************************
[0] -> [0]
[1, 2, 3, 4, 5, 6, 7, 8] -> [6]
[22, 23, 24, 25, 26, 27, 28, 29, 30, 31, 10, 32, 11, 33, 12, 34, 13, 35, 15, 16, 17, 18, 19, 9, 20, 21] -> [22, 23, 24, 25, 26, 27, 28, 29, 30, 31, 10, 32, 11, 33, 12, 34, 35, 13, 15, 16, 17, 18, 19, 9, 20, 21]
Average: Precision: 1.0   Recall: 0.7083333
Average F1: 0.82926834
RANKING PARTIZIONE: 130.0
****************************************
EXECUTION TIME: 382 seconds