Website: utensileriaOnline Range: 4 Best: 2
****************************************
[0] -> [0]
[1] -> [1]
[22, 23, 24, 25, 26, 27, 28, 29, 10, 11, 12, 13, 14, 15, 16, 17, 18, 19, 6, 7, 8, 9, 40, 41, 20, 21] -> [11, 22, 23, 12, 13, 24, 25, 14, 26, 15, 16, 27, 28, 17, 29, 18, 19, 6, 7, 8, 9, 20, 10, 21]
[2, 3, 4, 5, 39] -> [2, 5, 39]
Average: Precision: 1.0   Recall: 0.88076925
Average F1: 0.93660533
RANKING PARTIZIONE: 20.0
****************************************
****************************************
[0] -> [0]
[1] -> [1]
[22, 23, 24, 25, 26, 27, 28, 29, 10, 11, 12, 13, 14, 15, 16, 17, 18, 19, 6, 7, 8, 9, 40, 41, 20, 21] -> [11, 12, 13, 14, 15, 16, 17, 6, 7, 8, 9, 10]
[2, 3, 4, 5, 39] -> [5]
Average: Precision: 1.0   Recall: 0.66538465
Average F1: 0.79907626
RANKING PARTIZIONE: 20.0
****************************************
****************************************
[0] -> [0]
[1] -> [1]
[22, 23, 24, 25, 26, 27, 28, 29, 10, 11, 12, 13, 14, 15, 16, 17, 18, 19, 6, 7, 8, 9, 40, 41, 20, 21] -> [11, 12, 13, 14, 15, 16, 17, 6, 7, 8, 9, 10]
[2, 3, 4, 5, 39] -> [5]
Average: Precision: 1.0   Recall: 0.66538465
Average F1: 0.79907626
RANKING PARTIZIONE: 20.0
****************************************
****************************************
[0] -> [0]
[1] -> [1]
[22, 23, 24, 25, 26, 27, 28, 29, 10, 11, 12, 13, 14, 15, 16, 17, 18, 19, 6, 7, 8, 9, 40, 41, 20, 21] -> [11, 12, 13, 14, 15, 16, 17, 6, 7, 8, 9, 10]
[2, 3, 4, 5, 39] -> [5]
Average: Precision: 1.0   Recall: 0.66538465
Average F1: 0.79907626
RANKING PARTIZIONE: 20.0
****************************************
****************************************
[0] -> [0]
[1] -> [1]
[22, 23, 24, 25, 26, 27, 28, 29, 10, 11, 12, 13, 14, 15, 16, 17, 18, 19, 6, 7, 8, 9, 40, 41, 20, 21] -> [11, 12, 13, 14, 15, 16, 17, 6, 7, 8, 9, 10]
[2, 3, 4, 5, 39] -> [5]
Average: Precision: 1.0   Recall: 0.66538465
Average F1: 0.79907626
RANKING PARTIZIONE: 20.0
****************************************
****************************************
[0] -> [0]
[1] -> [1]
[22, 23, 24, 25, 26, 27, 28, 29, 10, 11, 12, 13, 14, 15, 16, 17, 18, 19, 6, 7, 8, 9, 40, 41, 20, 21] -> [11, 12, 13, 14, 15, 16, 17, 6, 7, 8, 9, 10]
[2, 3, 4, 5, 39] -> [5]
Average: Precision: 1.0   Recall: 0.66538465
Average F1: 0.79907626
RANKING PARTIZIONE: 20.0
****************************************
****************************************
[0] -> [0]
[1] -> [1]
[22, 23, 24, 25, 26, 27, 28, 29, 10, 11, 12, 13, 14, 15, 16, 17, 18, 19, 6, 7, 8, 9, 40, 41, 20, 21] -> [11, 12, 14, 15, 26, 10]
[2, 3, 4, 5, 39] -> [5]
Average: Precision: 1.0   Recall: 0.6076923
Average F1: 0.7559809
RANKING PARTIZIONE: 20.0
****************************************
****************************************
[0] -> [0]
[1] -> [1]
[22, 23, 24, 25, 26, 27, 28, 29, 10, 11, 12, 13, 14, 15, 16, 17, 18, 19, 6, 7, 8, 9, 40, 41, 20, 21] -> [11, 12, 13, 14, 15, 16, 17, 6, 7, 8, 9, 10]
[2, 3, 4, 5, 39] -> [5]
Average: Precision: 1.0   Recall: 0.66538465
Average F1: 0.79907626
RANKING PARTIZIONE: 20.0
****************************************
****************************************
[0] -> [0]
[1] -> [1]
[22, 23, 24, 25, 26, 27, 28, 29, 10, 11, 12, 13, 14, 15, 16, 17, 18, 19, 6, 7, 8, 9, 40, 41, 20, 21] -> [11, 12, 13, 14, 15, 16, 17, 6, 7, 8, 9, 10]
[2, 3, 4, 5, 39] -> [5]
Average: Precision: 1.0   Recall: 0.66538465
Average F1: 0.79907626
RANKING PARTIZIONE: 20.0
****************************************
****************************************
[0] -> [0]
[1] -> [1]
[22, 23, 24, 25, 26, 27, 28, 29, 10, 11, 12, 13, 14, 15, 16, 17, 18, 19, 6, 7, 8, 9, 40, 41, 20, 21] -> [11, 12, 13, 14, 15, 16, 17, 6, 7, 8, 9, 10]
[2, 3, 4, 5, 39] -> [5]
Average: Precision: 1.0   Recall: 0.66538465
Average F1: 0.79907626
RANKING PARTIZIONE: 20.0
****************************************
****************************************
[0] -> [0]
[1] -> [1]
[22, 23, 24, 25, 26, 27, 28, 29, 10, 11, 12, 13, 14, 15, 16, 17, 18, 19, 6, 7, 8, 9, 40, 41, 20, 21] -> [11, 12, 13, 14, 15, 16, 17, 6, 7, 8, 9, 10]
[2, 3, 4, 5, 39] -> [5]
Average: Precision: 1.0   Recall: 0.66538465
Average F1: 0.79907626
RANKING PARTIZIONE: 20.0
****************************************
****************************************
[0] -> [0]
[1] -> [1]
[22, 23, 24, 25, 26, 27, 28, 29, 10, 11, 12, 13, 14, 15, 16, 17, 18, 19, 6, 7, 8, 9, 40, 41, 20, 21] -> [11, 12, 13, 14, 15, 16, 17, 6, 7, 8, 9, 10]
[2, 3, 4, 5, 39] -> [5]
Average: Precision: 1.0   Recall: 0.66538465
Average F1: 0.79907626
RANKING PARTIZIONE: 20.0
****************************************
****************************************
[0] -> [0]
[1] -> [1]
[22, 23, 24, 25, 26, 27, 28, 29, 10, 11, 12, 13, 14, 15, 16, 17, 18, 19, 6, 7, 8, 9, 40, 41, 20, 21] -> [11, 12, 13, 14, 15, 16, 17, 6, 7, 8, 9, 10]
[2, 3, 4, 5, 39] -> [5]
Average: Precision: 1.0   Recall: 0.66538465
Average F1: 0.79907626
RANKING PARTIZIONE: 20.0
****************************************
****************************************
[0] -> [0]
[1] -> [1]
[22, 23, 24, 25, 26, 27, 28, 29, 10, 11, 12, 13, 14, 15, 16, 17, 18, 19, 6, 7, 8, 9, 40, 41, 20, 21] -> [11, 12, 13, 14, 15, 16, 17, 6, 7, 8, 9, 10]
[2, 3, 4, 5, 39] -> [5]
Average: Precision: 1.0   Recall: 0.66538465
Average F1: 0.79907626
RANKING PARTIZIONE: 20.0
****************************************
****************************************
[0] -> [0]
[1] -> [1]
[22, 23, 24, 25, 26, 27, 28, 29, 10, 11, 12, 13, 14, 15, 16, 17, 18, 19, 6, 7, 8, 9, 40, 41, 20, 21] -> [11, 12, 13, 14, 15, 16, 17, 6, 7, 8, 9, 10]
[2, 3, 4, 5, 39] -> [5]
Average: Precision: 1.0   Recall: 0.66538465
Average F1: 0.79907626
RANKING PARTIZIONE: 20.0
****************************************
****************************************
[0] -> [0]
[1] -> [1]
[22, 23, 24, 25, 26, 27, 28, 29, 10, 11, 12, 13, 14, 15, 16, 17, 18, 19, 6, 7, 8, 9, 40, 41, 20, 21] -> [11, 12, 13, 14, 15, 16, 17, 6, 7, 8, 9, 10]
[2, 3, 4, 5, 39] -> [5]
Average: Precision: 1.0   Recall: 0.66538465
Average F1: 0.79907626
RANKING PARTIZIONE: 20.0
****************************************
****************************************
[0] -> [0]
[1] -> [1]
[22, 23, 24, 25, 26, 27, 28, 29, 10, 11, 12, 13, 14, 15, 16, 17, 18, 19, 6, 7, 8, 9, 40, 41, 20, 21] -> [11, 12, 13, 14, 15, 16, 17, 6, 7, 8, 9, 10]
[2, 3, 4, 5, 39] -> [5]
Average: Precision: 1.0   Recall: 0.66538465
Average F1: 0.79907626
RANKING PARTIZIONE: 20.0
****************************************
****************************************
[0] -> [0]
[1] -> [1]
[22, 23, 24, 25, 26, 27, 28, 29, 10, 11, 12, 13, 14, 15, 16, 17, 18, 19, 6, 7, 8, 9, 40, 41, 20, 21] -> [11, 12, 13, 14, 15, 16, 17, 6, 7, 8, 9, 10]
[2, 3, 4, 5, 39] -> [5]
Average: Precision: 1.0   Recall: 0.66538465
Average F1: 0.79907626
RANKING PARTIZIONE: 20.0
****************************************
****************************************
[0] -> [0]
[1] -> [1]
[22, 23, 24, 25, 26, 27, 28, 29, 10, 11, 12, 13, 14, 15, 16, 17, 18, 19, 6, 7, 8, 9, 40, 41, 20, 21] -> [11, 12, 13, 14, 15, 16, 17, 6, 7, 8, 9, 10]
[2, 3, 4, 5, 39] -> [5]
Average: Precision: 1.0   Recall: 0.66538465
Average F1: 0.79907626
RANKING PARTIZIONE: 20.0
****************************************
****************************************
[0] -> [0]
[1] -> [1]
[22, 23, 24, 25, 26, 27, 28, 29, 10, 11, 12, 13, 14, 15, 16, 17, 18, 19, 6, 7, 8, 9, 40, 41, 20, 21] -> [11, 12, 13, 14, 15, 16, 17, 6, 7, 8, 9, 10]
[2, 3, 4, 5, 39] -> [5]
Average: Precision: 1.0   Recall: 0.66538465
Average F1: 0.79907626
RANKING PARTIZIONE: 20.0
****************************************
****************************************
[0] -> [0]
[1] -> [1]
[22, 23, 24, 25, 26, 27, 28, 29, 10, 11, 12, 13, 14, 15, 16, 17, 18, 19, 6, 7, 8, 9, 40, 41, 20, 21] -> [11, 22, 23, 12, 13, 24, 25, 14, 26, 15, 16, 27, 28, 17, 18, 19, 6, 7, 8, 9, 40, 20, 10, 21]
[2, 3, 4, 5, 39] -> [2, 39]
Average: Precision: 1.0   Recall: 0.83076924
Average F1: 0.90756303
RANKING PARTIZIONE: 30.0
****************************************
****************************************
[0] -> [0]
[1] -> [1]
[22, 23, 24, 25, 26, 27, 28, 29, 10, 11, 12, 13, 14, 15, 16, 17, 18, 19, 6, 7, 8, 9, 40, 41, 20, 21] -> [11, 22, 23, 12, 13, 24, 25, 14, 26, 15, 16, 27, 28, 17, 18, 19, 6, 7, 8, 9, 40, 20, 10, 21]
[2, 3, 4, 5, 39] -> [2, 5, 39]
Average: Precision: 1.0   Recall: 0.88076925
Average F1: 0.93660533
RANKING PARTIZIONE: 20.0
****************************************
****************************************
[0] -> [0]
[1] -> [1]
[22, 23, 24, 25, 26, 27, 28, 29, 10, 11, 12, 13, 14, 15, 16, 17, 18, 19, 6, 7, 8, 9, 40, 41, 20, 21] -> [11, 12, 13, 14, 26, 15, 16, 17, 6, 7, 8, 9, 10]
[2, 3, 4, 5, 39] -> [2, 39]
Average: Precision: 1.0   Recall: 0.725
Average F1: 0.84057975
RANKING PARTIZIONE: 20.0
****************************************
****************************************
[0] -> [0]
[1] -> [1]
[22, 23, 24, 25, 26, 27, 28, 29, 10, 11, 12, 13, 14, 15, 16, 17, 18, 19, 6, 7, 8, 9, 40, 41, 20, 21] -> [11, 12, 13, 14, 26, 15, 16, 17, 6, 7, 8, 9, 10]
[2, 3, 4, 5, 39] -> [2, 39]
Average: Precision: 1.0   Recall: 0.725
Average F1: 0.84057975
RANKING PARTIZIONE: 20.0
****************************************
****************************************
[0] -> [0]
[1] -> [1]
[22, 23, 24, 25, 26, 27, 28, 29, 10, 11, 12, 13, 14, 15, 16, 17, 18, 19, 6, 7, 8, 9, 40, 41, 20, 21] -> [11, 12, 13, 14, 26, 15, 16, 17, 6, 7, 8, 9, 10]
[2, 3, 4, 5, 39] -> [2, 39]
Average: Precision: 1.0   Recall: 0.725
Average F1: 0.84057975
RANKING PARTIZIONE: 20.0
****************************************
****************************************
[0] -> [0]
[1] -> [1]
[22, 23, 24, 25, 26, 27, 28, 29, 10, 11, 12, 13, 14, 15, 16, 17, 18, 19, 6, 7, 8, 9, 40, 41, 20, 21] -> [11, 12, 13, 14, 15, 16, 17, 6, 7, 8, 9, 10]
[2, 3, 4, 5, 39] -> [5]
Average: Precision: 1.0   Recall: 0.66538465
Average F1: 0.79907626
RANKING PARTIZIONE: 30.0
****************************************
****************************************
[0] -> [0]
[1] -> [1]
[22, 23, 24, 25, 26, 27, 28, 29, 10, 11, 12, 13, 14, 15, 16, 17, 18, 19, 6, 7, 8, 9, 40, 41, 20, 21] -> [11, 12, 13, 14, 15, 16, 17, 6, 7, 8, 9, 10]
[2, 3, 4, 5, 39] -> [5]
Average: Precision: 1.0   Recall: 0.66538465
Average F1: 0.79907626
RANKING PARTIZIONE: 20.0
****************************************
****************************************
[0] -> [0]
[1] -> [1]
[22, 23, 24, 25, 26, 27, 28, 29, 10, 11, 12, 13, 14, 15, 16, 17, 18, 19, 6, 7, 8, 9, 40, 41, 20, 21] -> [11, 12, 13, 14, 15, 16, 17, 6, 7, 8, 9, 10]
[2, 3, 4, 5, 39] -> [5]
Average: Precision: 1.0   Recall: 0.66538465
Average F1: 0.79907626
RANKING PARTIZIONE: 20.0
****************************************
****************************************
[0] -> [0]
[1] -> [1]
[22, 23, 24, 25, 26, 27, 28, 29, 10, 11, 12, 13, 14, 15, 16, 17, 18, 19, 6, 7, 8, 9, 40, 41, 20, 21] -> [11, 12, 13, 14, 15, 16, 17, 6, 7, 8, 9, 10]
[2, 3, 4, 5, 39] -> [5]
Average: Precision: 1.0   Recall: 0.66538465
Average F1: 0.79907626
RANKING PARTIZIONE: 20.0
****************************************
****************************************
[0] -> [0]
[1] -> [1]
[22, 23, 24, 25, 26, 27, 28, 29, 10, 11, 12, 13, 14, 15, 16, 17, 18, 19, 6, 7, 8, 9, 40, 41, 20, 21] -> [11, 12, 13, 14, 15, 16, 17, 6, 7, 8, 9, 10]
[2, 3, 4, 5, 39] -> [5]
Average: Precision: 1.0   Recall: 0.66538465
Average F1: 0.79907626
RANKING PARTIZIONE: 20.0
****************************************
****************************************
[0] -> [0]
[1] -> [1]
[22, 23, 24, 25, 26, 27, 28, 29, 10, 11, 12, 13, 14, 15, 16, 17, 18, 19, 6, 7, 8, 9, 40, 41, 20, 21] -> [11, 12, 13, 14, 15, 16, 17, 6, 7, 8, 9, 10]
[2, 3, 4, 5, 39] -> [5]
Average: Precision: 1.0   Recall: 0.66538465
Average F1: 0.79907626
RANKING PARTIZIONE: 20.0
****************************************
****************************************
[0] -> [0]
[1] -> [1]
[22, 23, 24, 25, 26, 27, 28, 29, 10, 11, 12, 13, 14, 15, 16, 17, 18, 19, 6, 7, 8, 9, 40, 41, 20, 21] -> [11, 12, 13, 14, 26, 15, 16, 17, 6, 7, 8, 9, 10]
[2, 3, 4, 5, 39] -> [2, 39]
Average: Precision: 1.0   Recall: 0.725
Average F1: 0.84057975
RANKING PARTIZIONE: 20.0
****************************************
****************************************
[0] -> [0]
[1] -> [1]
[22, 23, 24, 25, 26, 27, 28, 29, 10, 11, 12, 13, 14, 15, 16, 17, 18, 19, 6, 7, 8, 9, 40, 41, 20, 21] -> [11, 12, 13, 14, 26, 15, 16, 17, 6, 7, 8, 9, 10]
[2, 3, 4, 5, 39] -> [2, 39]
Average: Precision: 1.0   Recall: 0.725
Average F1: 0.84057975
RANKING PARTIZIONE: 20.0
****************************************
****************************************
[0] -> [0]
[1] -> [1]
[22, 23, 24, 25, 26, 27, 28, 29, 10, 11, 12, 13, 14, 15, 16, 17, 18, 19, 6, 7, 8, 9, 40, 41, 20, 21] -> [11, 12, 13, 14, 15, 16, 17, 6, 7, 8, 9, 10]
[2, 3, 4, 5, 39] -> [5]
Average: Precision: 1.0   Recall: 0.66538465
Average F1: 0.79907626
RANKING PARTIZIONE: 20.0
****************************************
****************************************
[0] -> [0]
[1] -> [1]
[22, 23, 24, 25, 26, 27, 28, 29, 10, 11, 12, 13, 14, 15, 16, 17, 18, 19, 6, 7, 8, 9, 40, 41, 20, 21] -> [11, 12, 13, 14, 26, 15, 16, 17, 6, 7, 8, 9, 10]
[2, 3, 4, 5, 39] -> [2, 39]
Average: Precision: 1.0   Recall: 0.725
Average F1: 0.84057975
RANKING PARTIZIONE: 20.0
****************************************
****************************************
[0] -> [0]
[1] -> [1]
[22, 23, 24, 25, 26, 27, 28, 29, 10, 11, 12, 13, 14, 15, 16, 17, 18, 19, 6, 7, 8, 9, 40, 41, 20, 21] -> [11, 12, 13, 14, 26, 15, 16, 17, 6, 7, 8, 9, 10]
[2, 3, 4, 5, 39] -> [2, 39]
Average: Precision: 1.0   Recall: 0.725
Average F1: 0.84057975
RANKING PARTIZIONE: 20.0
****************************************
****************************************
[0] -> [0]
[1] -> [1]
[22, 23, 24, 25, 26, 27, 28, 29, 10, 11, 12, 13, 14, 15, 16, 17, 18, 19, 6, 7, 8, 9, 40, 41, 20, 21] -> [11, 12, 13, 14, 15, 16, 17, 6, 7, 8, 9, 10]
[2, 3, 4, 5, 39] -> [5]
Average: Precision: 1.0   Recall: 0.66538465
Average F1: 0.79907626
RANKING PARTIZIONE: 20.0
****************************************
****************************************
[0] -> [0]
[1] -> [1]
[22, 23, 24, 25, 26, 27, 28, 29, 10, 11, 12, 13, 14, 15, 16, 17, 18, 19, 6, 7, 8, 9, 40, 41, 20, 21] -> [11, 12, 13, 14, 26, 15, 16, 17, 6, 7, 8, 9, 10]
[2, 3, 4, 5, 39] -> [2, 39]
Average: Precision: 1.0   Recall: 0.725
Average F1: 0.84057975
RANKING PARTIZIONE: 20.0
****************************************
****************************************
[0] -> [0]
[1] -> [1]
[22, 23, 24, 25, 26, 27, 28, 29, 10, 11, 12, 13, 14, 15, 16, 17, 18, 19, 6, 7, 8, 9, 40, 41, 20, 21] -> [11, 12, 13, 14, 15, 16, 17, 6, 7, 8, 9, 10]
[2, 3, 4, 5, 39] -> [5]
Average: Precision: 1.0   Recall: 0.66538465
Average F1: 0.79907626
RANKING PARTIZIONE: 20.0
****************************************
****************************************
[0] -> [0]
[1] -> [1]
[22, 23, 24, 25, 26, 27, 28, 29, 10, 11, 12, 13, 14, 15, 16, 17, 18, 19, 6, 7, 8, 9, 40, 41, 20, 21] -> [11, 12, 13, 14, 26, 15, 16, 17, 6, 7, 8, 9, 10]
[2, 3, 4, 5, 39] -> [2, 39]
Average: Precision: 1.0   Recall: 0.725
Average F1: 0.84057975
RANKING PARTIZIONE: 20.0
****************************************
****************************************
[0] -> [0]
[1] -> [1]
[22, 23, 24, 25, 26, 27, 28, 29, 10, 11, 12, 13, 14, 15, 16, 17, 18, 19, 6, 7, 8, 9, 40, 41, 20, 21] -> [11, 12, 13, 14, 26, 15, 16, 17, 6, 7, 8, 9, 10]
[2, 3, 4, 5, 39] -> [2, 39]
Average: Precision: 1.0   Recall: 0.725
Average F1: 0.84057975
RANKING PARTIZIONE: 20.0
****************************************
****************************************
[0] -> [0]
[1] -> [1]
[22, 23, 24, 25, 26, 27, 28, 29, 10, 11, 12, 13, 14, 15, 16, 17, 18, 19, 6, 7, 8, 9, 40, 41, 20, 21] -> [11, 12, 13, 14, 15, 16, 17, 6, 7, 8, 9, 10]
[2, 3, 4, 5, 39] -> [5]
Average: Precision: 1.0   Recall: 0.66538465
Average F1: 0.79907626
RANKING PARTIZIONE: 20.0
****************************************
****************************************
[0] -> [0]
[1] -> [1]
[22, 23, 24, 25, 26, 27, 28, 29, 10, 11, 12, 13, 14, 15, 16, 17, 18, 19, 6, 7, 8, 9, 40, 41, 20, 21] -> [11, 12, 13, 14, 26, 15, 16, 17, 6, 7, 8, 9, 10]
[2, 3, 4, 5, 39] -> [2, 39]
Average: Precision: 1.0   Recall: 0.725
Average F1: 0.84057975
RANKING PARTIZIONE: 20.0
****************************************
****************************************
[0] -> [0]
[1] -> [1]
[22, 23, 24, 25, 26, 27, 28, 29, 10, 11, 12, 13, 14, 15, 16, 17, 18, 19, 6, 7, 8, 9, 40, 41, 20, 21] -> [11, 12, 13, 14, 15, 16, 17, 6, 7, 8, 9, 10]
[2, 3, 4, 5, 39] -> [5]
Average: Precision: 1.0   Recall: 0.66538465
Average F1: 0.79907626
RANKING PARTIZIONE: 20.0
****************************************
****************************************
[0] -> [0]
[1] -> [1]
[22, 23, 24, 25, 26, 27, 28, 29, 10, 11, 12, 13, 14, 15, 16, 17, 18, 19, 6, 7, 8, 9, 40, 41, 20, 21] -> [11, 12, 13, 14, 15, 16, 17, 6, 7, 8, 9, 10]
[2, 3, 4, 5, 39] -> [5]
Average: Precision: 1.0   Recall: 0.66538465
Average F1: 0.79907626
RANKING PARTIZIONE: 20.0
****************************************
****************************************
[0] -> [0]
[1] -> [1]
[22, 23, 24, 25, 26, 27, 28, 29, 10, 11, 12, 13, 14, 15, 16, 17, 18, 19, 6, 7, 8, 9, 40, 41, 20, 21] -> [11, 12, 13, 14, 15, 16, 17, 6, 7, 8, 9, 10]
[2, 3, 4, 5, 39] -> [5]
Average: Precision: 1.0   Recall: 0.66538465
Average F1: 0.79907626
RANKING PARTIZIONE: 20.0
****************************************
****************************************
[0] -> [0]
[1] -> [1]
[22, 23, 24, 25, 26, 27, 28, 29, 10, 11, 12, 13, 14, 15, 16, 17, 18, 19, 6, 7, 8, 9, 40, 41, 20, 21] -> [11, 12, 13, 14, 15, 16, 17, 6, 7, 8, 9, 10]
[2, 3, 4, 5, 39] -> [5]
Average: Precision: 1.0   Recall: 0.66538465
Average F1: 0.79907626
RANKING PARTIZIONE: 20.0
****************************************
****************************************
[0] -> [0]
[1] -> [1]
[22, 23, 24, 25, 26, 27, 28, 29, 10, 11, 12, 13, 14, 15, 16, 17, 18, 19, 6, 7, 8, 9, 40, 41, 20, 21] -> [11, 12, 13, 14, 15, 16, 17, 6, 7, 8, 9, 10]
[2, 3, 4, 5, 39] -> [5]
Average: Precision: 1.0   Recall: 0.66538465
Average F1: 0.79907626
RANKING PARTIZIONE: 20.0
****************************************
****************************************
[0] -> [0]
[1] -> [1]
[22, 23, 24, 25, 26, 27, 28, 29, 10, 11, 12, 13, 14, 15, 16, 17, 18, 19, 6, 7, 8, 9, 40, 41, 20, 21] -> [11, 12, 13, 14, 15, 16, 17, 6, 7, 8, 9, 10]
[2, 3, 4, 5, 39] -> [5]
Average: Precision: 1.0   Recall: 0.66538465
Average F1: 0.79907626
RANKING PARTIZIONE: 20.0
****************************************
****************************************
[0] -> [0]
[1] -> [1]
[22, 23, 24, 25, 26, 27, 28, 29, 10, 11, 12, 13, 14, 15, 16, 17, 18, 19, 6, 7, 8, 9, 40, 41, 20, 21] -> [11, 12, 13, 14, 15, 16, 17, 6, 7, 8, 9, 10]
[2, 3, 4, 5, 39] -> [5]
Average: Precision: 1.0   Recall: 0.66538465
Average F1: 0.79907626
RANKING PARTIZIONE: 20.0
****************************************
****************************************
[0] -> [0]
[1] -> [1]
[22, 23, 24, 25, 26, 27, 28, 29, 10, 11, 12, 13, 14, 15, 16, 17, 18, 19, 6, 7, 8, 9, 40, 41, 20, 21] -> [11, 12, 13, 14, 15, 16, 17, 6, 7, 8, 9, 10]
[2, 3, 4, 5, 39] -> [5]
Average: Precision: 1.0   Recall: 0.66538465
Average F1: 0.79907626
RANKING PARTIZIONE: 20.0
****************************************
****************************************
[0] -> [0]
[1] -> [1]
[22, 23, 24, 25, 26, 27, 28, 29, 10, 11, 12, 13, 14, 15, 16, 17, 18, 19, 6, 7, 8, 9, 40, 41, 20, 21] -> [11, 12, 13, 14, 15, 16, 17, 6, 7, 8, 9, 10]
[2, 3, 4, 5, 39] -> [2, 39]
Average: Precision: 1.0   Recall: 0.71538466
Average F1: 0.8340807
RANKING PARTIZIONE: 20.0
****************************************
****************************************
[0] -> [0]
[1] -> [1]
[22, 23, 24, 25, 26, 27, 28, 29, 10, 11, 12, 13, 14, 15, 16, 17, 18, 19, 6, 7, 8, 9, 40, 41, 20, 21] -> [11, 12, 13, 14, 15, 16, 17, 6, 7, 8, 9, 10]
[2, 3, 4, 5, 39] -> [5]
Average: Precision: 1.0   Recall: 0.66538465
Average F1: 0.79907626
RANKING PARTIZIONE: 20.0
****************************************
****************************************
[0] -> [0]
[1] -> [1]
[22, 23, 24, 25, 26, 27, 28, 29, 10, 11, 12, 13, 14, 15, 16, 17, 18, 19, 6, 7, 8, 9, 40, 41, 20, 21] -> [11, 12, 13, 14, 15, 16, 17, 6, 7, 8, 9, 10]
[2, 3, 4, 5, 39] -> [5]
Average: Precision: 1.0   Recall: 0.66538465
Average F1: 0.79907626
RANKING PARTIZIONE: 20.0
****************************************
****************************************
[0] -> [0]
[1] -> [1]
[22, 23, 24, 25, 26, 27, 28, 29, 10, 11, 12, 13, 14, 15, 16, 17, 18, 19, 6, 7, 8, 9, 40, 41, 20, 21] -> [11, 12, 13, 14, 15, 16, 17, 6, 7, 8, 9, 10]
[2, 3, 4, 5, 39] -> [5]
Average: Precision: 1.0   Recall: 0.66538465
Average F1: 0.79907626
RANKING PARTIZIONE: 20.0
****************************************
****************************************
[0] -> [0]
[1] -> [1]
[22, 23, 24, 25, 26, 27, 28, 29, 10, 11, 12, 13, 14, 15, 16, 17, 18, 19, 6, 7, 8, 9, 40, 41, 20, 21] -> [11, 12, 13, 14, 15, 16, 17, 6, 7, 8, 9, 10]
[2, 3, 4, 5, 39] -> [5]
Average: Precision: 1.0   Recall: 0.66538465
Average F1: 0.79907626
RANKING PARTIZIONE: 20.0
****************************************
****************************************
[0] -> [0]
[1] -> [1]
[22, 23, 24, 25, 26, 27, 28, 29, 10, 11, 12, 13, 14, 15, 16, 17, 18, 19, 6, 7, 8, 9, 40, 41, 20, 21] -> [11, 12, 13, 14, 15, 16, 17, 6, 7, 8, 9, 10]
[2, 3, 4, 5, 39] -> [5]
Average: Precision: 1.0   Recall: 0.66538465
Average F1: 0.79907626
RANKING PARTIZIONE: 20.0
****************************************
****************************************
[0] -> [0]
[1] -> [1]
[22, 23, 24, 25, 26, 27, 28, 29, 10, 11, 12, 13, 14, 15, 16, 17, 18, 19, 6, 7, 8, 9, 40, 41, 20, 21] -> [11, 12, 13, 14, 15, 16, 17, 6, 7, 8, 9, 10]
[2, 3, 4, 5, 39] -> [5]
Average: Precision: 1.0   Recall: 0.66538465
Average F1: 0.79907626
RANKING PARTIZIONE: 20.0
****************************************
****************************************
[0] -> [0]
[1] -> [1]
[22, 23, 24, 25, 26, 27, 28, 29, 10, 11, 12, 13, 14, 15, 16, 17, 18, 19, 6, 7, 8, 9, 40, 41, 20, 21] -> [11, 12, 13, 14, 15, 16, 17, 6, 7, 8, 9, 10]
[2, 3, 4, 5, 39] -> [5]
Average: Precision: 1.0   Recall: 0.66538465
Average F1: 0.79907626
RANKING PARTIZIONE: 20.0
****************************************
****************************************
[0] -> [0]
[1] -> [1]
[22, 23, 24, 25, 26, 27, 28, 29, 10, 11, 12, 13, 14, 15, 16, 17, 18, 19, 6, 7, 8, 9, 40, 41, 20, 21] -> [11, 12, 13, 14, 15, 16, 17, 6, 7, 8, 9, 10]
[2, 3, 4, 5, 39] -> [5]
Average: Precision: 1.0   Recall: 0.66538465
Average F1: 0.79907626
RANKING PARTIZIONE: 20.0
****************************************
****************************************
[0] -> [0]
[1] -> [1]
[22, 23, 24, 25, 26, 27, 28, 29, 10, 11, 12, 13, 14, 15, 16, 17, 18, 19, 6, 7, 8, 9, 40, 41, 20, 21] -> [11, 12, 13, 14, 26, 15, 16, 17, 6, 7, 8, 9, 10]
[2, 3, 4, 5, 39] -> [2, 39]
Average: Precision: 1.0   Recall: 0.725
Average F1: 0.84057975
RANKING PARTIZIONE: 20.0
****************************************
****************************************
[0] -> [0]
[1] -> [1]
[22, 23, 24, 25, 26, 27, 28, 29, 10, 11, 12, 13, 14, 15, 16, 17, 18, 19, 6, 7, 8, 9, 40, 41, 20, 21] -> [11, 12, 13, 14, 26, 15, 16, 17, 6, 7, 8, 9, 10]
[2, 3, 4, 5, 39] -> [2, 39]
Average: Precision: 1.0   Recall: 0.725
Average F1: 0.84057975
RANKING PARTIZIONE: 20.0
****************************************
****************************************
[0] -> [0]
[1] -> [1]
[22, 23, 24, 25, 26, 27, 28, 29, 10, 11, 12, 13, 14, 15, 16, 17, 18, 19, 6, 7, 8, 9, 40, 41, 20, 21] -> [11, 12, 13, 14, 26, 15, 16, 17, 6, 7, 8, 9, 10]
[2, 3, 4, 5, 39] -> [2, 39]
Average: Precision: 1.0   Recall: 0.725
Average F1: 0.84057975
RANKING PARTIZIONE: 20.0
****************************************
****************************************
[0] -> [0]
[1] -> [1]
[22, 23, 24, 25, 26, 27, 28, 29, 10, 11, 12, 13, 14, 15, 16, 17, 18, 19, 6, 7, 8, 9, 40, 41, 20, 21] -> [11, 12, 13, 14, 26, 15, 16, 17, 6, 7, 8, 9, 10]
[2, 3, 4, 5, 39] -> [2, 39]
Average: Precision: 1.0   Recall: 0.725
Average F1: 0.84057975
RANKING PARTIZIONE: 20.0
****************************************
****************************************
[0] -> [0]
[1] -> [1]
[22, 23, 24, 25, 26, 27, 28, 29, 10, 11, 12, 13, 14, 15, 16, 17, 18, 19, 6, 7, 8, 9, 40, 41, 20, 21] -> [28, 19, 40, 41, 20]
[2, 3, 4, 5, 39] -> [5]
Average: Precision: 1.0   Recall: 0.59807694
Average F1: 0.7484958
RANKING PARTIZIONE: 20.0
****************************************
****************************************
[0] -> [0]
[1] -> [1]
[22, 23, 24, 25, 26, 27, 28, 29, 10, 11, 12, 13, 14, 15, 16, 17, 18, 19, 6, 7, 8, 9, 40, 41, 20, 21] -> [27, 28, 29, 19, 40, 41, 20]
[2, 3, 4, 5, 39] -> [5]
Average: Precision: 1.0   Recall: 0.6173077
Average F1: 0.763377
RANKING PARTIZIONE: 20.0
****************************************
****************************************
[0] -> [0]
[1] -> [1]
[22, 23, 24, 25, 26, 27, 28, 29, 10, 11, 12, 13, 14, 15, 16, 17, 18, 19, 6, 7, 8, 9, 40, 41, 20, 21] -> [11, 12, 13, 14, 15, 16, 17, 6, 7, 8, 9, 10]
[2, 3, 4, 5, 39] -> [5]
Average: Precision: 1.0   Recall: 0.66538465
Average F1: 0.79907626
RANKING PARTIZIONE: 20.0
****************************************
****************************************
[0] -> [0]
[1] -> [1]
[22, 23, 24, 25, 26, 27, 28, 29, 10, 11, 12, 13, 14, 15, 16, 17, 18, 19, 6, 7, 8, 9, 40, 41, 20, 21] -> [11, 12, 13, 14, 15, 16, 17, 6, 7, 8, 9, 10]
[2, 3, 4, 5, 39] -> [5]
Average: Precision: 1.0   Recall: 0.66538465
Average F1: 0.79907626
RANKING PARTIZIONE: 20.0
****************************************
****************************************
[0] -> [0]
[1] -> [1]
[22, 23, 24, 25, 26, 27, 28, 29, 10, 11, 12, 13, 14, 15, 16, 17, 18, 19, 6, 7, 8, 9, 40, 41, 20, 21] -> [11, 12, 13, 14, 15, 16, 17, 6, 7, 8, 9, 10]
[2, 3, 4, 5, 39] -> [5]
Average: Precision: 1.0   Recall: 0.66538465
Average F1: 0.79907626
RANKING PARTIZIONE: 20.0
****************************************
****************************************
[0] -> [0]
[1] -> [1]
[22, 23, 24, 25, 26, 27, 28, 29, 10, 11, 12, 13, 14, 15, 16, 17, 18, 19, 6, 7, 8, 9, 40, 41, 20, 21] -> [11, 12, 13, 14, 15, 16, 17, 6, 7, 8, 9, 10]
[2, 3, 4, 5, 39] -> [5]
Average: Precision: 1.0   Recall: 0.66538465
Average F1: 0.79907626
RANKING PARTIZIONE: 30.0
****************************************
****************************************
[0] -> [0]
[1] -> [1]
[22, 23, 24, 25, 26, 27, 28, 29, 10, 11, 12, 13, 14, 15, 16, 17, 18, 19, 6, 7, 8, 9, 40, 41, 20, 21] -> [11, 12, 13, 14, 26, 15, 16, 17, 6, 7, 8, 9, 10]
[2, 3, 4, 5, 39] -> [2, 39]
Average: Precision: 1.0   Recall: 0.725
Average F1: 0.84057975
RANKING PARTIZIONE: 20.0
****************************************
****************************************
[0] -> [0]
[1] -> [1]
[22, 23, 24, 25, 26, 27, 28, 29, 10, 11, 12, 13, 14, 15, 16, 17, 18, 19, 6, 7, 8, 9, 40, 41, 20, 21] -> [11, 12, 13, 14, 26, 15, 16, 17, 6, 7, 8, 9, 10]
[2, 3, 4, 5, 39] -> [2, 39]
Average: Precision: 1.0   Recall: 0.725
Average F1: 0.84057975
RANKING PARTIZIONE: 20.0
****************************************
****************************************
[0] -> [0]
[1] -> [1]
[22, 23, 24, 25, 26, 27, 28, 29, 10, 11, 12, 13, 14, 15, 16, 17, 18, 19, 6, 7, 8, 9, 40, 41, 20, 21] -> [11, 12, 13, 14, 15, 16, 17, 6, 7, 8, 9, 10]
[2, 3, 4, 5, 39] -> [5]
Average: Precision: 1.0   Recall: 0.66538465
Average F1: 0.79907626
RANKING PARTIZIONE: 20.0
****************************************
****************************************
[0] -> [0]
[1] -> [1]
[22, 23, 24, 25, 26, 27, 28, 29, 10, 11, 12, 13, 14, 15, 16, 17, 18, 19, 6, 7, 8, 9, 40, 41, 20, 21] -> [11, 12, 13, 14, 26, 15, 16, 17, 6, 7, 8, 9, 10]
[2, 3, 4, 5, 39] -> [2, 39]
Average: Precision: 1.0   Recall: 0.725
Average F1: 0.84057975
RANKING PARTIZIONE: 20.0
****************************************
****************************************
[0] -> [0]
[1] -> [1]
[22, 23, 24, 25, 26, 27, 28, 29, 10, 11, 12, 13, 14, 15, 16, 17, 18, 19, 6, 7, 8, 9, 40, 41, 20, 21] -> [11, 12, 13, 14, 15, 16, 17, 6, 7, 8, 9, 10]
[2, 3, 4, 5, 39] -> [5]
Average: Precision: 1.0   Recall: 0.66538465
Average F1: 0.79907626
RANKING PARTIZIONE: 20.0
****************************************
****************************************
[0] -> [0]
[1] -> [1]
[22, 23, 24, 25, 26, 27, 28, 29, 10, 11, 12, 13, 14, 15, 16, 17, 18, 19, 6, 7, 8, 9, 40, 41, 20, 21] -> [11, 12, 13, 14, 15, 16, 17, 6, 7, 8, 9, 10]
[2, 3, 4, 5, 39] -> [5]
Average: Precision: 1.0   Recall: 0.66538465
Average F1: 0.79907626
RANKING PARTIZIONE: 20.0
****************************************
****************************************
[0] -> [0]
[1] -> [1]
[22, 23, 24, 25, 26, 27, 28, 29, 10, 11, 12, 13, 14, 15, 16, 17, 18, 19, 6, 7, 8, 9, 40, 41, 20, 21] -> [11, 12, 13, 14, 26, 15, 16, 17, 6, 7, 8, 9, 10]
[2, 3, 4, 5, 39] -> [2, 5, 39]
Average: Precision: 1.0   Recall: 0.775
Average F1: 0.8732394
RANKING PARTIZIONE: 20.0
****************************************
****************************************
[0] -> [0]
[1] -> [1]
[22, 23, 24, 25, 26, 27, 28, 29, 10, 11, 12, 13, 14, 15, 16, 17, 18, 19, 6, 7, 8, 9, 40, 41, 20, 21] -> [11, 12, 13, 14, 26, 15, 16, 17, 6, 7, 8, 9, 10]
[2, 3, 4, 5, 39] -> [2, 39]
Average: Precision: 1.0   Recall: 0.725
Average F1: 0.84057975
RANKING PARTIZIONE: 20.0
****************************************
****************************************
[0] -> [0]
[1] -> [1]
[22, 23, 24, 25, 26, 27, 28, 29, 10, 11, 12, 13, 14, 15, 16, 17, 18, 19, 6, 7, 8, 9, 40, 41, 20, 21] -> [11, 12, 13, 14, 26, 15, 16, 17, 6, 7, 8, 9, 10]
[2, 3, 4, 5, 39] -> [2, 39]
Average: Precision: 1.0   Recall: 0.725
Average F1: 0.84057975
RANKING PARTIZIONE: 20.0
****************************************
****************************************
[0] -> [0]
[1] -> [1]
[22, 23, 24, 25, 26, 27, 28, 29, 10, 11, 12, 13, 14, 15, 16, 17, 18, 19, 6, 7, 8, 9, 40, 41, 20, 21] -> [11, 12, 13, 14, 26, 15, 16, 17, 6, 7, 8, 9, 10]
[2, 3, 4, 5, 39] -> [2, 39]
Average: Precision: 1.0   Recall: 0.725
Average F1: 0.84057975
RANKING PARTIZIONE: 20.0
****************************************
****************************************
[0] -> [0]
[1] -> [1]
[22, 23, 24, 25, 26, 27, 28, 29, 10, 11, 12, 13, 14, 15, 16, 17, 18, 19, 6, 7, 8, 9, 40, 41, 20, 21] -> [11, 12, 13, 14, 26, 15, 16, 17, 6, 7, 8, 9, 10]
[2, 3, 4, 5, 39] -> [2, 5, 39]
Average: Precision: 1.0   Recall: 0.775
Average F1: 0.8732394
RANKING PARTIZIONE: 20.0
****************************************
****************************************
[0] -> [0]
[1] -> [1]
[22, 23, 24, 25, 26, 27, 28, 29, 10, 11, 12, 13, 14, 15, 16, 17, 18, 19, 6, 7, 8, 9, 40, 41, 20, 21] -> [11, 12, 13, 14, 26, 15, 16, 17, 6, 7, 8, 9, 10]
[2, 3, 4, 5, 39] -> [2, 39]
Average: Precision: 1.0   Recall: 0.725
Average F1: 0.84057975
RANKING PARTIZIONE: 20.0
****************************************
****************************************
[0] -> [0]
[1] -> [1]
[22, 23, 24, 25, 26, 27, 28, 29, 10, 11, 12, 13, 14, 15, 16, 17, 18, 19, 6, 7, 8, 9, 40, 41, 20, 21] -> [11, 12, 13, 14, 26, 15, 16, 17, 6, 7, 8, 9, 10]
[2, 3, 4, 5, 39] -> [2, 39]
Average: Precision: 1.0   Recall: 0.725
Average F1: 0.84057975
RANKING PARTIZIONE: 20.0
****************************************
****************************************
[0] -> [0]
[1] -> [1]
[22, 23, 24, 25, 26, 27, 28, 29, 10, 11, 12, 13, 14, 15, 16, 17, 18, 19, 6, 7, 8, 9, 40, 41, 20, 21] -> [11, 12, 13, 14, 26, 15, 16, 17, 6, 7, 8, 9, 10]
[2, 3, 4, 5, 39] -> [2, 39]
Average: Precision: 1.0   Recall: 0.725
Average F1: 0.84057975
RANKING PARTIZIONE: 20.0
****************************************
****************************************
[0] -> [0]
[1] -> [1]
[22, 23, 24, 25, 26, 27, 28, 29, 10, 11, 12, 13, 14, 15, 16, 17, 18, 19, 6, 7, 8, 9, 40, 41, 20, 21] -> [11, 12, 13, 14, 26, 15, 16, 17, 6, 7, 8, 9, 10]
[2, 3, 4, 5, 39] -> [2, 39]
Average: Precision: 1.0   Recall: 0.725
Average F1: 0.84057975
RANKING PARTIZIONE: 20.0
****************************************
****************************************
[0] -> [0]
[1] -> [1]
[22, 23, 24, 25, 26, 27, 28, 29, 10, 11, 12, 13, 14, 15, 16, 17, 18, 19, 6, 7, 8, 9, 40, 41, 20, 21] -> [11, 12, 13, 14, 26, 15, 16, 17, 6, 7, 8, 9, 10]
[2, 3, 4, 5, 39] -> [2, 39]
Average: Precision: 1.0   Recall: 0.725
Average F1: 0.84057975
RANKING PARTIZIONE: 20.0
****************************************
****************************************
[0] -> [0]
[1] -> [1]
[22, 23, 24, 25, 26, 27, 28, 29, 10, 11, 12, 13, 14, 15, 16, 17, 18, 19, 6, 7, 8, 9, 40, 41, 20, 21] -> [11, 12, 13, 14, 26, 15, 16, 17, 6, 7, 8, 9, 10]
[2, 3, 4, 5, 39] -> [2, 39]
Average: Precision: 1.0   Recall: 0.725
Average F1: 0.84057975
RANKING PARTIZIONE: 20.0
****************************************
****************************************
[0] -> [0]
[1] -> [1]
[22, 23, 24, 25, 26, 27, 28, 29, 10, 11, 12, 13, 14, 15, 16, 17, 18, 19, 6, 7, 8, 9, 40, 41, 20, 21] -> [11, 12, 13, 14, 26, 15, 16, 17, 6, 7, 8, 9, 10]
[2, 3, 4, 5, 39] -> [2, 39]
Average: Precision: 1.0   Recall: 0.725
Average F1: 0.84057975
RANKING PARTIZIONE: 20.0
****************************************
****************************************
[0] -> [0]
[1] -> [1]
[22, 23, 24, 25, 26, 27, 28, 29, 10, 11, 12, 13, 14, 15, 16, 17, 18, 19, 6, 7, 8, 9, 40, 41, 20, 21] -> [11, 12, 13, 14, 26, 15, 16, 17, 6, 7, 8, 9, 10]
[2, 3, 4, 5, 39] -> [2, 39]
Average: Precision: 1.0   Recall: 0.725
Average F1: 0.84057975
RANKING PARTIZIONE: 20.0
****************************************
****************************************
[0] -> [0]
[1] -> [1]
[22, 23, 24, 25, 26, 27, 28, 29, 10, 11, 12, 13, 14, 15, 16, 17, 18, 19, 6, 7, 8, 9, 40, 41, 20, 21] -> [11, 12, 13, 14, 26, 15, 16, 17, 6, 7, 8, 9, 10]
[2, 3, 4, 5, 39] -> [2, 39]
Average: Precision: 1.0   Recall: 0.725
Average F1: 0.84057975
RANKING PARTIZIONE: 20.0
****************************************
****************************************
[0] -> [0]
[1] -> [1]
[22, 23, 24, 25, 26, 27, 28, 29, 10, 11, 12, 13, 14, 15, 16, 17, 18, 19, 6, 7, 8, 9, 40, 41, 20, 21] -> [11, 12, 13, 14, 26, 15, 16, 17, 6, 7, 8, 9, 10]
[2, 3, 4, 5, 39] -> [2, 39]
Average: Precision: 1.0   Recall: 0.725
Average F1: 0.84057975
RANKING PARTIZIONE: 30.0
****************************************
****************************************
[0] -> [0]
[1] -> [1]
[22, 23, 24, 25, 26, 27, 28, 29, 10, 11, 12, 13, 14, 15, 16, 17, 18, 19, 6, 7, 8, 9, 40, 41, 20, 21] -> [11, 12, 13, 14, 15, 16, 17, 6, 7, 8, 9, 10]
[2, 3, 4, 5, 39] -> [5]
Average: Precision: 1.0   Recall: 0.66538465
Average F1: 0.79907626
RANKING PARTIZIONE: 20.0
****************************************
****************************************
[0] -> [0]
[1] -> [1]
[22, 23, 24, 25, 26, 27, 28, 29, 10, 11, 12, 13, 14, 15, 16, 17, 18, 19, 6, 7, 8, 9, 40, 41, 20, 21] -> [11, 12, 13, 14, 26, 15, 16, 17, 6, 7, 8, 9, 10]
[2, 3, 4, 5, 39] -> [2, 39]
Average: Precision: 1.0   Recall: 0.725
Average F1: 0.84057975
RANKING PARTIZIONE: 20.0
****************************************
****************************************
[0] -> [0]
[1] -> [1]
[22, 23, 24, 25, 26, 27, 28, 29, 10, 11, 12, 13, 14, 15, 16, 17, 18, 19, 6, 7, 8, 9, 40, 41, 20, 21] -> [11, 12, 13, 14, 26, 15, 16, 17, 6, 7, 8, 9, 10]
[2, 3, 4, 5, 39] -> [2, 39]
Average: Precision: 1.0   Recall: 0.725
Average F1: 0.84057975
RANKING PARTIZIONE: 20.0
****************************************
****************************************
[0] -> [0]
[1] -> [1]
[22, 23, 24, 25, 26, 27, 28, 29, 10, 11, 12, 13, 14, 15, 16, 17, 18, 19, 6, 7, 8, 9, 40, 41, 20, 21] -> [11, 12, 13, 14, 26, 15, 16, 17, 6, 7, 8, 9, 10]
[2, 3, 4, 5, 39] -> [2, 39]
Average: Precision: 1.0   Recall: 0.725
Average F1: 0.84057975
RANKING PARTIZIONE: 20.0
****************************************
****************************************
[0] -> [0]
[1] -> [1]
[22, 23, 24, 25, 26, 27, 28, 29, 10, 11, 12, 13, 14, 15, 16, 17, 18, 19, 6, 7, 8, 9, 40, 41, 20, 21] -> [11, 12, 13, 14, 15, 16, 17, 6, 7, 8, 9, 10]
[2, 3, 4, 5, 39] -> [5]
Average: Precision: 1.0   Recall: 0.66538465
Average F1: 0.79907626
RANKING PARTIZIONE: 20.0
****************************************
****************************************
[0] -> [0]
[1] -> [1]
[22, 23, 24, 25, 26, 27, 28, 29, 10, 11, 12, 13, 14, 15, 16, 17, 18, 19, 6, 7, 8, 9, 40, 41, 20, 21] -> [11, 12, 13, 14, 15, 16, 17, 6, 7, 8, 9, 10]
[2, 3, 4, 5, 39] -> [5]
Average: Precision: 1.0   Recall: 0.66538465
Average F1: 0.79907626
RANKING PARTIZIONE: 20.0
****************************************
****************************************
[0] -> [0]
[1] -> [1]
[22, 23, 24, 25, 26, 27, 28, 29, 10, 11, 12, 13, 14, 15, 16, 17, 18, 19, 6, 7, 8, 9, 40, 41, 20, 21] -> [11, 12, 13, 14, 15, 16, 17, 6, 7, 8, 9, 10]
[2, 3, 4, 5, 39] -> [5]
Average: Precision: 1.0   Recall: 0.66538465
Average F1: 0.79907626
RANKING PARTIZIONE: 20.0
****************************************
****************************************
[0] -> [0]
[1] -> [1]
[22, 23, 24, 25, 26, 27, 28, 29, 10, 11, 12, 13, 14, 15, 16, 17, 18, 19, 6, 7, 8, 9, 40, 41, 20, 21] -> [11, 12, 13, 14, 15, 16, 17, 6, 7, 8, 9, 10]
[2, 3, 4, 5, 39] -> [5]
Average: Precision: 1.0   Recall: 0.66538465
Average F1: 0.79907626
RANKING PARTIZIONE: 20.0
****************************************
****************************************
[0] -> [0]
[1] -> [1]
[22, 23, 24, 25, 26, 27, 28, 29, 10, 11, 12, 13, 14, 15, 16, 17, 18, 19, 6, 7, 8, 9, 40, 41, 20, 21] -> [11, 12, 13, 14, 15, 16, 17, 6, 7, 8, 9, 10]
[2, 3, 4, 5, 39] -> [5]
Average: Precision: 1.0   Recall: 0.66538465
Average F1: 0.79907626
RANKING PARTIZIONE: 20.0
****************************************
****************************************
[0] -> [0]
[1] -> [1]
[22, 23, 24, 25, 26, 27, 28, 29, 10, 11, 12, 13, 14, 15, 16, 17, 18, 19, 6, 7, 8, 9, 40, 41, 20, 21] -> [11, 12, 13, 14, 26, 15, 16, 17, 6, 7, 8, 9, 10]
[2, 3, 4, 5, 39] -> [2, 39]
Average: Precision: 1.0   Recall: 0.725
Average F1: 0.84057975
RANKING PARTIZIONE: 20.0
****************************************
****************************************
[0] -> [0]
[1] -> [1]
[22, 23, 24, 25, 26, 27, 28, 29, 10, 11, 12, 13, 14, 15, 16, 17, 18, 19, 6, 7, 8, 9, 40, 41, 20, 21] -> [11, 12, 13, 14, 26, 15, 16, 17, 6, 7, 8, 9, 10]
[2, 3, 4, 5, 39] -> [2, 39]
Average: Precision: 1.0   Recall: 0.725
Average F1: 0.84057975
RANKING PARTIZIONE: 20.0
****************************************
****************************************
[0] -> [0]
[1] -> [1]
[22, 23, 24, 25, 26, 27, 28, 29, 10, 11, 12, 13, 14, 15, 16, 17, 18, 19, 6, 7, 8, 9, 40, 41, 20, 21] -> [11, 12, 13, 14, 26, 15, 16, 17, 6, 7, 8, 9, 10]
[2, 3, 4, 5, 39] -> [2, 39]
Average: Precision: 1.0   Recall: 0.725
Average F1: 0.84057975
RANKING PARTIZIONE: 20.0
****************************************
****************************************
[0] -> [0]
[1] -> [1]
[22, 23, 24, 25, 26, 27, 28, 29, 10, 11, 12, 13, 14, 15, 16, 17, 18, 19, 6, 7, 8, 9, 40, 41, 20, 21] -> [11, 12, 13, 14, 26, 15, 16, 17, 6, 7, 8, 9, 10]
[2, 3, 4, 5, 39] -> [2, 39]
Average: Precision: 1.0   Recall: 0.725
Average F1: 0.84057975
RANKING PARTIZIONE: 20.0
****************************************
****************************************
[0] -> [0]
[1] -> [1]
[22, 23, 24, 25, 26, 27, 28, 29, 10, 11, 12, 13, 14, 15, 16, 17, 18, 19, 6, 7, 8, 9, 40, 41, 20, 21] -> [11, 12, 13, 14, 26, 15, 16, 17, 6, 7, 8, 9, 10]
[2, 3, 4, 5, 39] -> [2, 39]
Average: Precision: 1.0   Recall: 0.725
Average F1: 0.84057975
RANKING PARTIZIONE: 20.0
****************************************
****************************************
[0] -> [0]
[1] -> [1]
[22, 23, 24, 25, 26, 27, 28, 29, 10, 11, 12, 13, 14, 15, 16, 17, 18, 19, 6, 7, 8, 9, 40, 41, 20, 21] -> [11, 12, 13, 14, 26, 15, 16, 17, 6, 7, 8, 9, 10]
[2, 3, 4, 5, 39] -> [2, 39]
Average: Precision: 1.0   Recall: 0.725
Average F1: 0.84057975
RANKING PARTIZIONE: 20.0
****************************************
****************************************
[0] -> [0]
[1] -> [1]
[22, 23, 24, 25, 26, 27, 28, 29, 10, 11, 12, 13, 14, 15, 16, 17, 18, 19, 6, 7, 8, 9, 40, 41, 20, 21] -> [11, 12, 13, 14, 26, 15, 16, 17, 6, 7, 8, 9, 10]
[2, 3, 4, 5, 39] -> [2, 39]
Average: Precision: 1.0   Recall: 0.725
Average F1: 0.84057975
RANKING PARTIZIONE: 20.0
****************************************
****************************************
[0] -> [0]
[1] -> [1]
[22, 23, 24, 25, 26, 27, 28, 29, 10, 11, 12, 13, 14, 15, 16, 17, 18, 19, 6, 7, 8, 9, 40, 41, 20, 21] -> [11, 12, 13, 14, 26, 15, 16, 17, 6, 7, 8, 9, 10]
[2, 3, 4, 5, 39] -> [2, 39]
Average: Precision: 1.0   Recall: 0.725
Average F1: 0.84057975
RANKING PARTIZIONE: 20.0
****************************************
****************************************
[0] -> [0]
[1] -> [1]
[22, 23, 24, 25, 26, 27, 28, 29, 10, 11, 12, 13, 14, 15, 16, 17, 18, 19, 6, 7, 8, 9, 40, 41, 20, 21] -> [11, 12, 13, 14, 26, 15, 16, 17, 6, 7, 8, 9, 10]
[2, 3, 4, 5, 39] -> [2, 39]
Average: Precision: 1.0   Recall: 0.725
Average F1: 0.84057975
RANKING PARTIZIONE: 20.0
****************************************
****************************************
[0] -> [0]
[1] -> [1]
[22, 23, 24, 25, 26, 27, 28, 29, 10, 11, 12, 13, 14, 15, 16, 17, 18, 19, 6, 7, 8, 9, 40, 41, 20, 21] -> [11, 12, 13, 14, 26, 15, 16, 17, 6, 7, 8, 9, 10]
[2, 3, 4, 5, 39] -> [2, 39]
Average: Precision: 1.0   Recall: 0.725
Average F1: 0.84057975
RANKING PARTIZIONE: 20.0
****************************************
****************************************
[0] -> [0]
[1] -> [1]
[22, 23, 24, 25, 26, 27, 28, 29, 10, 11, 12, 13, 14, 15, 16, 17, 18, 19, 6, 7, 8, 9, 40, 41, 20, 21] -> [11, 12, 13, 14, 26, 15, 16, 17, 6, 7, 8, 9, 10]
[2, 3, 4, 5, 39] -> [2, 39]
Average: Precision: 1.0   Recall: 0.725
Average F1: 0.84057975
RANKING PARTIZIONE: 20.0
****************************************
****************************************
[0] -> [0]
[1] -> [1]
[22, 23, 24, 25, 26, 27, 28, 29, 10, 11, 12, 13, 14, 15, 16, 17, 18, 19, 6, 7, 8, 9, 40, 41, 20, 21] -> [11, 12, 13, 14, 26, 15, 16, 17, 6, 7, 8, 9, 10]
[2, 3, 4, 5, 39] -> [2, 39]
Average: Precision: 1.0   Recall: 0.725
Average F1: 0.84057975
RANKING PARTIZIONE: 20.0
****************************************
****************************************
[0] -> [0]
[1] -> [1]
[22, 23, 24, 25, 26, 27, 28, 29, 10, 11, 12, 13, 14, 15, 16, 17, 18, 19, 6, 7, 8, 9, 40, 41, 20, 21] -> [11, 22, 23, 12, 13, 24, 25, 14, 26, 15, 16, 27, 28, 17, 29, 18, 19, 6, 7, 8, 9, 20, 10, 21]
[2, 3, 4, 5, 39] -> [2, 39]
Average: Precision: 1.0   Recall: 0.83076924
Average F1: 0.90756303
RANKING PARTIZIONE: 30.0
****************************************
****************************************
[0] -> [0]
[1] -> [1]
[22, 23, 24, 25, 26, 27, 28, 29, 10, 11, 12, 13, 14, 15, 16, 17, 18, 19, 6, 7, 8, 9, 40, 41, 20, 21] -> [11, 12, 13, 14, 15, 16, 17, 6, 7, 8, 9, 10]
[2, 3, 4, 5, 39] -> [5]
Average: Precision: 1.0   Recall: 0.66538465
Average F1: 0.79907626
RANKING PARTIZIONE: 20.0
****************************************
****************************************
[0] -> [0]
[1] -> [1]
[22, 23, 24, 25, 26, 27, 28, 29, 10, 11, 12, 13, 14, 15, 16, 17, 18, 19, 6, 7, 8, 9, 40, 41, 20, 21] -> [11, 12, 13, 14, 15, 16, 17, 6, 7, 8, 9, 10]
[2, 3, 4, 5, 39] -> [5]
Average: Precision: 1.0   Recall: 0.66538465
Average F1: 0.79907626
RANKING PARTIZIONE: 20.0
****************************************
****************************************
[0] -> [0]
[1] -> [1]
[22, 23, 24, 25, 26, 27, 28, 29, 10, 11, 12, 13, 14, 15, 16, 17, 18, 19, 6, 7, 8, 9, 40, 41, 20, 21] -> [11, 12, 13, 14, 15, 16, 17, 6, 7, 8, 9, 10]
[2, 3, 4, 5, 39] -> [5]
Average: Precision: 1.0   Recall: 0.66538465
Average F1: 0.79907626
RANKING PARTIZIONE: 20.0
****************************************
****************************************
[0] -> [0]
[1] -> [1]
[22, 23, 24, 25, 26, 27, 28, 29, 10, 11, 12, 13, 14, 15, 16, 17, 18, 19, 6, 7, 8, 9, 40, 41, 20, 21] -> [11, 12, 13, 14, 15, 16, 17, 6, 7, 8, 9, 10]
[2, 3, 4, 5, 39] -> [5]
Average: Precision: 1.0   Recall: 0.66538465
Average F1: 0.79907626
RANKING PARTIZIONE: 20.0
****************************************
****************************************
[0] -> [0]
[1] -> [1]
[22, 23, 24, 25, 26, 27, 28, 29, 10, 11, 12, 13, 14, 15, 16, 17, 18, 19, 6, 7, 8, 9, 40, 41, 20, 21] -> [11, 12, 13, 14, 15, 16, 17, 6, 7, 8, 9, 10]
[2, 3, 4, 5, 39] -> [5]
Average: Precision: 1.0   Recall: 0.66538465
Average F1: 0.79907626
RANKING PARTIZIONE: 20.0
****************************************
****************************************
[0] -> [0]
[1] -> [1]
[22, 23, 24, 25, 26, 27, 28, 29, 10, 11, 12, 13, 14, 15, 16, 17, 18, 19, 6, 7, 8, 9, 40, 41, 20, 21] -> [11, 12, 13, 14, 15, 16, 17, 6, 7, 8, 9, 10]
[2, 3, 4, 5, 39] -> [5]
Average: Precision: 1.0   Recall: 0.66538465
Average F1: 0.79907626
RANKING PARTIZIONE: 20.0
****************************************
****************************************
[0] -> [0]
[1] -> [1]
[22, 23, 24, 25, 26, 27, 28, 29, 10, 11, 12, 13, 14, 15, 16, 17, 18, 19, 6, 7, 8, 9, 40, 41, 20, 21] -> [11, 12, 13, 14, 15, 16, 17, 6, 7, 8, 9, 10]
[2, 3, 4, 5, 39] -> [5]
Average: Precision: 1.0   Recall: 0.66538465
Average F1: 0.79907626
RANKING PARTIZIONE: 30.0
****************************************
****************************************
[0] -> [0]
[1] -> [1]
[22, 23, 24, 25, 26, 27, 28, 29, 10, 11, 12, 13, 14, 15, 16, 17, 18, 19, 6, 7, 8, 9, 40, 41, 20, 21] -> [11, 12, 13, 14, 15, 16, 17, 6, 7, 8, 9, 10]
[2, 3, 4, 5, 39] -> [5]
Average: Precision: 1.0   Recall: 0.66538465
Average F1: 0.79907626
RANKING PARTIZIONE: 20.0
****************************************
****************************************
[0] -> [0]
[1] -> [1]
[22, 23, 24, 25, 26, 27, 28, 29, 10, 11, 12, 13, 14, 15, 16, 17, 18, 19, 6, 7, 8, 9, 40, 41, 20, 21] -> [11, 12, 13, 14, 15, 16, 17, 6, 7, 8, 9, 10]
[2, 3, 4, 5, 39] -> [5]
Average: Precision: 1.0   Recall: 0.66538465
Average F1: 0.79907626
RANKING PARTIZIONE: 20.0
****************************************
****************************************
[0] -> [0]
[1] -> [1]
[22, 23, 24, 25, 26, 27, 28, 29, 10, 11, 12, 13, 14, 15, 16, 17, 18, 19, 6, 7, 8, 9, 40, 41, 20, 21] -> [11, 12, 13, 14, 15, 16, 17, 6, 7, 8, 9, 10]
[2, 3, 4, 5, 39] -> [5]
Average: Precision: 1.0   Recall: 0.66538465
Average F1: 0.79907626
RANKING PARTIZIONE: 30.0
****************************************
****************************************
[0] -> [0]
[1] -> [1]
[22, 23, 24, 25, 26, 27, 28, 29, 10, 11, 12, 13, 14, 15, 16, 17, 18, 19, 6, 7, 8, 9, 40, 41, 20, 21] -> [11, 12, 13, 14, 15, 16, 17, 6, 7, 8, 9, 10]
[2, 3, 4, 5, 39] -> [5]
Average: Precision: 1.0   Recall: 0.66538465
Average F1: 0.79907626
RANKING PARTIZIONE: 20.0
****************************************
****************************************
[0] -> [0]
[1] -> [1]
[22, 23, 24, 25, 26, 27, 28, 29, 10, 11, 12, 13, 14, 15, 16, 17, 18, 19, 6, 7, 8, 9, 40, 41, 20, 21] -> [11, 12, 13, 14, 15, 16, 17, 6, 7, 8, 9, 10]
[2, 3, 4, 5, 39] -> [5]
Average: Precision: 1.0   Recall: 0.66538465
Average F1: 0.79907626
RANKING PARTIZIONE: 20.0
****************************************
****************************************
[0] -> [0]
[1] -> [1]
[22, 23, 24, 25, 26, 27, 28, 29, 10, 11, 12, 13, 14, 15, 16, 17, 18, 19, 6, 7, 8, 9, 40, 41, 20, 21] -> [11, 12, 13, 14, 15, 16, 17, 6, 7, 8, 9, 10]
[2, 3, 4, 5, 39] -> [5]
Average: Precision: 1.0   Recall: 0.66538465
Average F1: 0.79907626
RANKING PARTIZIONE: 20.0
****************************************
****************************************
[0] -> [0]
[1] -> [1]
[22, 23, 24, 25, 26, 27, 28, 29, 10, 11, 12, 13, 14, 15, 16, 17, 18, 19, 6, 7, 8, 9, 40, 41, 20, 21] -> [11, 12, 13, 14, 26, 15, 16, 17, 6, 7, 8, 9, 10]
[2, 3, 4, 5, 39] -> [2, 39]
Average: Precision: 1.0   Recall: 0.725
Average F1: 0.84057975
RANKING PARTIZIONE: 20.0
****************************************
****************************************
[0] -> [0]
[1] -> [1]
[22, 23, 24, 25, 26, 27, 28, 29, 10, 11, 12, 13, 14, 15, 16, 17, 18, 19, 6, 7, 8, 9, 40, 41, 20, 21] -> [11, 12, 13, 14, 26, 15, 16, 17, 6, 7, 8, 9, 10]
[2, 3, 4, 5, 39] -> [2, 39]
Average: Precision: 1.0   Recall: 0.725
Average F1: 0.84057975
RANKING PARTIZIONE: 20.0
****************************************
****************************************
[0] -> [0]
[1] -> [1]
[22, 23, 24, 25, 26, 27, 28, 29, 10, 11, 12, 13, 14, 15, 16, 17, 18, 19, 6, 7, 8, 9, 40, 41, 20, 21] -> [11, 12, 13, 14, 26, 15, 16, 17, 6, 7, 8, 9, 10]
[2, 3, 4, 5, 39] -> [2, 39]
Average: Precision: 1.0   Recall: 0.725
Average F1: 0.84057975
RANKING PARTIZIONE: 20.0
****************************************
****************************************
[0] -> [0]
[1] -> [1]
[22, 23, 24, 25, 26, 27, 28, 29, 10, 11, 12, 13, 14, 15, 16, 17, 18, 19, 6, 7, 8, 9, 40, 41, 20, 21] -> [11, 12, 13, 14, 26, 15, 16, 17, 6, 7, 8, 9, 10]
[2, 3, 4, 5, 39] -> [2, 39]
Average: Precision: 1.0   Recall: 0.725
Average F1: 0.84057975
RANKING PARTIZIONE: 20.0
****************************************
****************************************
[0] -> [0]
[1] -> [1]
[22, 23, 24, 25, 26, 27, 28, 29, 10, 11, 12, 13, 14, 15, 16, 17, 18, 19, 6, 7, 8, 9, 40, 41, 20, 21] -> [11, 12, 13, 14, 26, 15, 16, 17, 6, 7, 8, 9, 10]
[2, 3, 4, 5, 39] -> [2, 5, 39]
Average: Precision: 1.0   Recall: 0.775
Average F1: 0.8732394
RANKING PARTIZIONE: 20.0
****************************************
****************************************
[0] -> [0]
[1] -> [1]
[22, 23, 24, 25, 26, 27, 28, 29, 10, 11, 12, 13, 14, 15, 16, 17, 18, 19, 6, 7, 8, 9, 40, 41, 20, 21] -> [11, 12, 13, 14, 26, 15, 16, 17, 6, 7, 8, 9, 10]
[2, 3, 4, 5, 39] -> [2, 5, 39]
Average: Precision: 1.0   Recall: 0.775
Average F1: 0.8732394
RANKING PARTIZIONE: 20.0
****************************************
****************************************
[0] -> [0]
[1] -> [1]
[22, 23, 24, 25, 26, 27, 28, 29, 10, 11, 12, 13, 14, 15, 16, 17, 18, 19, 6, 7, 8, 9, 40, 41, 20, 21] -> [11, 12, 13, 14, 15, 16, 17, 6, 7, 8, 9, 10]
[2, 3, 4, 5, 39] -> [5]
Average: Precision: 1.0   Recall: 0.66538465
Average F1: 0.79907626
RANKING PARTIZIONE: 20.0
****************************************
****************************************
[0] -> [0]
[1] -> [1]
[22, 23, 24, 25, 26, 27, 28, 29, 10, 11, 12, 13, 14, 15, 16, 17, 18, 19, 6, 7, 8, 9, 40, 41, 20, 21] -> [11, 12, 13, 14, 15, 16, 17, 6, 7, 8, 9, 10]
[2, 3, 4, 5, 39] -> [5]
Average: Precision: 1.0   Recall: 0.66538465
Average F1: 0.79907626
RANKING PARTIZIONE: 20.0
****************************************
****************************************
[0] -> [0]
[1] -> [1]
[22, 23, 24, 25, 26, 27, 28, 29, 10, 11, 12, 13, 14, 15, 16, 17, 18, 19, 6, 7, 8, 9, 40, 41, 20, 21] -> [11, 12, 13, 14, 15, 16, 17, 6, 7, 8, 9, 10]
[2, 3, 4, 5, 39] -> [5]
Average: Precision: 1.0   Recall: 0.66538465
Average F1: 0.79907626
RANKING PARTIZIONE: 20.0
****************************************
****************************************
[0] -> [0]
[1] -> [1]
[22, 23, 24, 25, 26, 27, 28, 29, 10, 11, 12, 13, 14, 15, 16, 17, 18, 19, 6, 7, 8, 9, 40, 41, 20, 21] -> [11, 12, 13, 14, 15, 16, 17, 6, 7, 8, 9, 10]
[2, 3, 4, 5, 39] -> [5]
Average: Precision: 1.0   Recall: 0.66538465
Average F1: 0.79907626
RANKING PARTIZIONE: 20.0
****************************************
****************************************
[0] -> [0]
[1] -> [1]
[22, 23, 24, 25, 26, 27, 28, 29, 10, 11, 12, 13, 14, 15, 16, 17, 18, 19, 6, 7, 8, 9, 40, 41, 20, 21] -> [11, 12, 13, 14, 15, 16, 17, 6, 7, 8, 9, 10]
[2, 3, 4, 5, 39] -> [5]
Average: Precision: 1.0   Recall: 0.66538465
Average F1: 0.79907626
RANKING PARTIZIONE: 30.0
****************************************
****************************************
[0] -> [0]
[1] -> [1]
[22, 23, 24, 25, 26, 27, 28, 29, 10, 11, 12, 13, 14, 15, 16, 17, 18, 19, 6, 7, 8, 9, 40, 41, 20, 21] -> [11, 12, 13, 14, 15, 16, 17, 6, 7, 8, 9, 10]
[2, 3, 4, 5, 39] -> [5]
Average: Precision: 1.0   Recall: 0.66538465
Average F1: 0.79907626
RANKING PARTIZIONE: 20.0
****************************************
****************************************
[0] -> [0]
[1] -> [1]
[22, 23, 24, 25, 26, 27, 28, 29, 10, 11, 12, 13, 14, 15, 16, 17, 18, 19, 6, 7, 8, 9, 40, 41, 20, 21] -> [11, 12, 13, 14, 15, 16, 17, 6, 7, 8, 9, 10]
[2, 3, 4, 5, 39] -> [5]
Average: Precision: 1.0   Recall: 0.66538465
Average F1: 0.79907626
RANKING PARTIZIONE: 20.0
****************************************
****************************************
[0] -> [0]
[1] -> [1]
[22, 23, 24, 25, 26, 27, 28, 29, 10, 11, 12, 13, 14, 15, 16, 17, 18, 19, 6, 7, 8, 9, 40, 41, 20, 21] -> [11, 12, 13, 14, 15, 16, 17, 6, 7, 8, 9, 10]
[2, 3, 4, 5, 39] -> [5]
Average: Precision: 1.0   Recall: 0.66538465
Average F1: 0.79907626
RANKING PARTIZIONE: 20.0
****************************************
****************************************
[0] -> [0]
[1] -> [1]
[22, 23, 24, 25, 26, 27, 28, 29, 10, 11, 12, 13, 14, 15, 16, 17, 18, 19, 6, 7, 8, 9, 40, 41, 20, 21] -> [11, 12, 13, 14, 15, 16, 17, 6, 7, 8, 9, 10]
[2, 3, 4, 5, 39] -> [5]
Average: Precision: 1.0   Recall: 0.66538465
Average F1: 0.79907626
RANKING PARTIZIONE: 20.0
****************************************
****************************************
[0] -> [0]
[1] -> [1]
[22, 23, 24, 25, 26, 27, 28, 29, 10, 11, 12, 13, 14, 15, 16, 17, 18, 19, 6, 7, 8, 9, 40, 41, 20, 21] -> [11, 12, 13, 14, 15, 16, 17, 6, 7, 8, 9, 10]
[2, 3, 4, 5, 39] -> [5]
Average: Precision: 1.0   Recall: 0.66538465
Average F1: 0.79907626
RANKING PARTIZIONE: 20.0
****************************************
****************************************
[0] -> [0]
[1] -> [1]
[22, 23, 24, 25, 26, 27, 28, 29, 10, 11, 12, 13, 14, 15, 16, 17, 18, 19, 6, 7, 8, 9, 40, 41, 20, 21] -> [11, 12, 13, 14, 15, 16, 17, 6, 7, 8, 9, 10]
[2, 3, 4, 5, 39] -> [5]
Average: Precision: 1.0   Recall: 0.66538465
Average F1: 0.79907626
RANKING PARTIZIONE: 20.0
****************************************
****************************************
[0] -> [0]
[1] -> [1]
[22, 23, 24, 25, 26, 27, 28, 29, 10, 11, 12, 13, 14, 15, 16, 17, 18, 19, 6, 7, 8, 9, 40, 41, 20, 21] -> [28, 19, 40, 41, 20]
[2, 3, 4, 5, 39] -> [5]
Average: Precision: 1.0   Recall: 0.59807694
Average F1: 0.7484958
RANKING PARTIZIONE: 20.0
****************************************
****************************************
[0] -> [0]
[1] -> [1]
[22, 23, 24, 25, 26, 27, 28, 29, 10, 11, 12, 13, 14, 15, 16, 17, 18, 19, 6, 7, 8, 9, 40, 41, 20, 21] -> [11, 12, 13, 14, 15, 16, 17, 6, 7, 8, 9, 10]
[2, 3, 4, 5, 39] -> [5]
Average: Precision: 1.0   Recall: 0.66538465
Average F1: 0.79907626
RANKING PARTIZIONE: 30.0
****************************************
****************************************
[0] -> [0]
[1] -> [1]
[22, 23, 24, 25, 26, 27, 28, 29, 10, 11, 12, 13, 14, 15, 16, 17, 18, 19, 6, 7, 8, 9, 40, 41, 20, 21] -> [11, 12, 13, 14, 15, 16, 17, 6, 7, 8, 9, 10]
[2, 3, 4, 5, 39] -> [5]
Average: Precision: 1.0   Recall: 0.66538465
Average F1: 0.79907626
RANKING PARTIZIONE: 20.0
****************************************
****************************************
[0] -> [0]
[1] -> [1]
[22, 23, 24, 25, 26, 27, 28, 29, 10, 11, 12, 13, 14, 15, 16, 17, 18, 19, 6, 7, 8, 9, 40, 41, 20, 21] -> [11, 12, 13, 14, 15, 16, 17, 6, 7, 8, 9, 10]
[2, 3, 4, 5, 39] -> [5]
Average: Precision: 1.0   Recall: 0.66538465
Average F1: 0.79907626
RANKING PARTIZIONE: 20.0
****************************************
****************************************
[0] -> [0]
[1] -> [1]
[22, 23, 24, 25, 26, 27, 28, 29, 10, 11, 12, 13, 14, 15, 16, 17, 18, 19, 6, 7, 8, 9, 40, 41, 20, 21] -> [11, 12, 13, 14, 15, 16, 17, 6, 7, 8, 9, 10]
[2, 3, 4, 5, 39] -> [5]
Average: Precision: 1.0   Recall: 0.66538465
Average F1: 0.79907626
RANKING PARTIZIONE: 20.0
****************************************
****************************************
[0] -> [0]
[1] -> [1]
[22, 23, 24, 25, 26, 27, 28, 29, 10, 11, 12, 13, 14, 15, 16, 17, 18, 19, 6, 7, 8, 9, 40, 41, 20, 21] -> [11, 12, 13, 14, 15, 16, 17, 6, 7, 8, 9, 10]
[2, 3, 4, 5, 39] -> [5]
Average: Precision: 1.0   Recall: 0.66538465
Average F1: 0.79907626
RANKING PARTIZIONE: 20.0
****************************************
****************************************
[0] -> [0]
[1] -> [1]
[22, 23, 24, 25, 26, 27, 28, 29, 10, 11, 12, 13, 14, 15, 16, 17, 18, 19, 6, 7, 8, 9, 40, 41, 20, 21] -> [11, 12, 13, 14, 15, 16, 17, 6, 7, 8, 9, 10]
[2, 3, 4, 5, 39] -> [5]
Average: Precision: 1.0   Recall: 0.66538465
Average F1: 0.79907626
RANKING PARTIZIONE: 20.0
****************************************
****************************************
[0] -> [0]
[1] -> [1]
[22, 23, 24, 25, 26, 27, 28, 29, 10, 11, 12, 13, 14, 15, 16, 17, 18, 19, 6, 7, 8, 9, 40, 41, 20, 21] -> [11, 12, 14, 15, 10]
[2, 3, 4, 5, 39] -> [5]
Average: Precision: 1.0   Recall: 0.59807694
Average F1: 0.7484958
RANKING PARTIZIONE: 20.0
****************************************
****************************************
[0] -> [0]
[1] -> [1]
[22, 23, 24, 25, 26, 27, 28, 29, 10, 11, 12, 13, 14, 15, 16, 17, 18, 19, 6, 7, 8, 9, 40, 41, 20, 21] -> [28, 19, 40, 41, 20]
[2, 3, 4, 5, 39] -> [5]
Average: Precision: 1.0   Recall: 0.59807694
Average F1: 0.7484958
RANKING PARTIZIONE: 20.0
****************************************
EXECUTION TIME: 219 seconds