Website: vivereMarche Range: 4 Best: 2
****************************************
[0] -> [0]
[1, 2, 3] -> [1, 2, 3]
[11, 4, 5, 6, 7, 8, 9, 10] -> [8]
[22, 44, 24, 47, 48, 28, 50, 51, 30, 52, 31, 53, 32, 33, 55, 12, 56, 13, 57, 36, 58, 15, 38, 17, 18, 19, 60, 61, 40, 41, 20, 21, 43] -> [44, 22, 24, 47, 48, 28, 50, 51, 30, 52, 31, 53, 32, 55, 33, 12, 56, 57, 13, 36, 58, 15, 38, 17, 18, 19, 60, 61, 40, 41, 20, 21, 43]
Average: Precision: 1.0   Recall: 0.78125
Average F1: 0.877193
RANKING PARTIZIONE: 320.0
****************************************
****************************************
[0] -> [0]
[1, 2, 3] -> [1, 2, 3]
[11, 4, 5, 6, 7, 8, 9, 10] -> [8]
[22, 44, 24, 47, 48, 28, 50, 51, 30, 52, 31, 53, 32, 33, 55, 12, 56, 13, 57, 36, 58, 15, 38, 17, 18, 19, 60, 61, 40, 41, 20, 21, 43] -> [44, 22, 24, 28, 50, 51, 30, 52, 31, 53, 32, 55, 33, 12, 56, 13, 36, 58, 15, 38, 17, 18, 19, 60, 61, 40, 41, 20, 43]
Average: Precision: 1.0   Recall: 0.750947
Average F1: 0.85776097
RANKING PARTIZIONE: 110.0
****************************************
EXECUTION TIME: 1058 seconds