Website: altoAdige Range: 6
****************************************
[0] -> [0]
[22, 23, 45, 24, 46, 25, 26, 48, 27, 49, 28, 51, 30, 52, 31, 53, 32, 54, 33, 55, 12, 34, 13, 35, 14, 36, 15, 37, 59, 16, 38, 39, 19, 40, 41, 20, 42, 21, 43] -> [22, 23, 45, 46, 24, 25, 48, 26, 49, 27, 28, 51, 52, 30, 31, 53, 54, 32, 55, 33, 12, 34, 13, 35, 14, 36, 59, 15, 37, 16, 38, 39, 19, 40, 41, 20, 42, 43, 21]
[11, 2, 4, 5, 6, 7, 8, 9, 10] -> [6, 8]
Average: Precision: 1.0   Recall: 0.7407408
Average F1: 0.85106385
RANKING PARTIZIONE: 170.0
****************************************
****************************************
[0] -> [0]
[22, 23, 45, 24, 46, 25, 26, 48, 27, 49, 28, 51, 30, 52, 31, 53, 32, 54, 33, 55, 12, 34, 13, 35, 14, 36, 15, 37, 59, 16, 38, 39, 19, 40, 41, 20, 42, 21, 43] -> [22, 23, 45, 46, 24, 25, 48, 26, 49, 27, 28, 51, 52, 30, 31, 53, 54, 32, 55, 33, 12, 34, 13, 35, 14, 36, 59, 15, 37, 16, 38, 39, 19, 40, 41, 20, 42, 43, 21]
[11, 2, 4, 5, 6, 7, 8, 9, 10] -> [7, 8]
Average: Precision: 1.0   Recall: 0.7407408
Average F1: 0.85106385
RANKING PARTIZIONE: 160.0
****************************************
****************************************
[0] -> [0]
[22, 23, 45, 24, 46, 25, 26, 48, 27, 49, 28, 51, 30, 52, 31, 53, 32, 54, 33, 55, 12, 34, 13, 35, 14, 36, 15, 37, 59, 16, 38, 39, 19, 40, 41, 20, 42, 21, 43] -> [22, 23, 45, 46, 24, 25, 48, 26, 49, 27, 28, 51, 52, 30, 31, 53, 54, 32, 55, 33, 12, 34, 13, 35, 14, 36, 59, 15, 37, 16, 38, 39, 19, 40, 41, 20, 42, 43, 21]
[11, 2, 4, 5, 6, 7, 8, 9, 10] -> [2, 8]
Average: Precision: 1.0   Recall: 0.7407408
Average F1: 0.85106385
RANKING PARTIZIONE: 160.0
****************************************
EXECUTION TIME: 252 seconds