Website: bofrost Range: 6
****************************************
[0] -> [0]
[44, 1, 45, 68, 59, 10] -> [45]
[57, 9, 43, 65] -> [9]
[150, 151, 130, 131, 113, 114, 158, 115, 159, 116, 11, 12, 13, 14, 15, 16, 17, 18, 19, 180, 181, 160, 182, 161, 162, 143, 187, 144, 145, 4, 148, 149, 128, 129] -> [150, 151, 130, 131, 113, 158, 114, 115, 159, 116, 11, 12, 13, 14, 15, 16, 17, 18, 19, 180, 181, 160, 182, 161, 162, 187, 143, 144, 145, 4, 148, 149, 128, 129]
Average: Precision: 1.0   Recall: 0.6041666
Average F1: 0.7532467
RANKING PARTIZIONE: 10.0
****************************************
****************************************
[0] -> [0]
[44, 1, 45, 68, 59, 10] -> [45]
[57, 9, 43, 65] -> [9]
[150, 151, 130, 131, 113, 114, 158, 115, 159, 116, 11, 12, 13, 14, 15, 16, 17, 18, 19, 180, 181, 160, 182, 161, 162, 143, 187, 144, 145, 4, 148, 149, 128, 129] -> [11, 4, 17]
Average: Precision: 1.0   Recall: 0.37622547
Average F1: 0.5467498
RANKING PARTIZIONE: 6.0
****************************************
****************************************
[0] -> [44, 45, 68, 150, 151, 130, 131, 113, 158, 114, 115, 159, 116, 10, 11, 12, 13, 57, 14, 59, 15, 16, 17, 18, 19, 180, 181, 160, 182, 161, 162, 187, 143, 0, 144, 1, 145, 4, 148, 149, 128, 129, 9, 65, 43]
[44, 1, 45, 68, 59, 10] -> []
[57, 9, 43, 65] -> []
[150, 151, 130, 131, 113, 114, 158, 115, 159, 116, 11, 12, 13, 14, 15, 16, 17, 18, 19, 180, 181, 160, 182, 161, 162, 143, 187, 144, 145, 4, 148, 149, 128, 129] -> []
Average: Precision: 0.0055555557   Recall: 0.25
Average F1: 0.0108695645
RANKING PARTIZIONE: 6.0
****************************************
EXECUTION TIME: 278 seconds