Website: casertaWeb Range: 6
****************************************
[44, 45, 46, 25, 47, 26, 48, 27, 49, 28, 50, 51, 30, 52, 31, 53, 32, 54, 33, 35, 36, 37, 38, 40, 41, 42, 43] -> [44, 45, 46, 25, 47, 48, 26, 49, 27, 28, 50, 51, 30, 52, 31, 53, 54, 32, 33, 35, 36, 37, 38, 40, 41, 42, 43]
[0, 23] -> [23]
[22, 24, 29, 10, 11, 12, 34, 13, 14, 15, 16, 17, 39, 18, 19, 1, 2, 3, 4, 5, 6, 7, 8, 9, 20, 21] -> [12]
Average: Precision: 1.0   Recall: 0.51282054
Average F1: 0.6779662
RANKING PARTIZIONE: 310.0
****************************************
****************************************
[44, 45, 46, 25, 47, 26, 48, 27, 49, 28, 50, 51, 30, 52, 31, 53, 32, 54, 33, 35, 36, 37, 38, 40, 41, 42, 43] -> [44, 45, 46, 25, 47, 48, 26, 49, 27, 28, 50, 51, 30, 52, 31, 53, 54, 32, 33, 35, 36, 37, 38, 40, 41, 42, 43]
[0, 23] -> [0, 23]
[22, 24, 29, 10, 11, 12, 34, 13, 14, 15, 16, 17, 39, 18, 19, 1, 2, 3, 4, 5, 6, 7, 8, 9, 20, 21] -> [12]
Average: Precision: 1.0   Recall: 0.67948717
Average F1: 0.8091603
RANKING PARTIZIONE: 310.0
****************************************
****************************************
[44, 45, 46, 25, 47, 26, 48, 27, 49, 28, 50, 51, 30, 52, 31, 53, 32, 54, 33, 35, 36, 37, 38, 40, 41, 42, 43] -> [33, 44, 45, 35, 46, 25, 47, 36, 37, 48, 27, 49, 38, 28, 50, 40, 51, 52, 31, 53, 42, 54, 32]
[0, 23] -> [23]
[22, 24, 29, 10, 11, 12, 34, 13, 14, 15, 16, 17, 39, 18, 19, 1, 2, 3, 4, 5, 6, 7, 8, 9, 20, 21] -> [12]
Average: Precision: 1.0   Recall: 0.46343783
Average F1: 0.633355
RANKING PARTIZIONE: 240.0
****************************************
****************************************
[44, 45, 46, 25, 47, 26, 48, 27, 49, 28, 50, 51, 30, 52, 31, 53, 32, 54, 33, 35, 36, 37, 38, 40, 41, 42, 43] -> [11, 33, 44, 45, 35, 46, 25, 47, 36, 37, 48, 27, 49, 38, 28, 50, 40, 51, 52, 31, 53, 42, 54, 32]
[0, 23] -> [23]
[22, 24, 29, 10, 11, 12, 34, 13, 14, 15, 16, 17, 39, 18, 19, 1, 2, 3, 4, 5, 6, 7, 8, 9, 20, 21] -> [12]
Average: Precision: 0.9861111   Recall: 0.46343783
Average F1: 0.6305426
RANKING PARTIZIONE: 240.0
****************************************
****************************************
[44, 45, 46, 25, 47, 26, 48, 27, 49, 28, 50, 51, 30, 52, 31, 53, 32, 54, 33, 35, 36, 37, 38, 40, 41, 42, 43] -> [33, 44, 45, 35, 46, 25, 47, 36, 37, 48, 27, 49, 38, 28, 50, 40, 51, 52, 31, 53, 42, 54, 32]
[0, 23] -> [0, 23]
[22, 24, 29, 10, 11, 12, 34, 13, 14, 15, 16, 17, 39, 18, 19, 1, 2, 3, 4, 5, 6, 7, 8, 9, 20, 21] -> [12]
Average: Precision: 1.0   Recall: 0.6301045
Average F1: 0.77308476
RANKING PARTIZIONE: 230.0
****************************************
****************************************
[44, 45, 46, 25, 47, 26, 48, 27, 49, 28, 50, 51, 30, 52, 31, 53, 32, 54, 33, 35, 36, 37, 38, 40, 41, 42, 43] -> [11, 33, 44, 45, 35, 46, 25, 47, 36, 37, 48, 27, 49, 38, 28, 50, 40, 51, 52, 31, 53, 42, 54, 32]
[0, 23] -> [0, 23]
[22, 24, 29, 10, 11, 12, 34, 13, 14, 15, 16, 17, 39, 18, 19, 1, 2, 3, 4, 5, 6, 7, 8, 9, 20, 21] -> [12]
Average: Precision: 0.9861111   Recall: 0.6301045
Average F1: 0.7688987
RANKING PARTIZIONE: 230.0
****************************************
EXECUTION TIME: 699 seconds