Website: direttaSicilia Range: 6
****************************************
[0] -> [0]
[25, 26, 27, 28, 29, 132, 133, 134, 135, 136, 137, 138, 139, 30, 31, 32, 76, 11, 33, 77, 12, 34, 13, 35, 16, 38, 17, 39, 18, 19, 180, 181, 182, 163, 164, 165, 3, 148, 106, 128, 8, 40] -> [25, 26, 27, 28, 29, 132, 133, 134, 135, 136, 137, 138, 139, 30, 31, 76, 32, 77, 11, 33, 34, 12, 13, 35, 16, 38, 17, 39, 18, 19, 180, 181, 182, 163, 164, 165, 1, 2, 3, 148, 106, 128, 8, 40]
[1, 2] -> []
Average: Precision: 0.6515152   Recall: 0.6666667
Average F1: 0.65900385
RANKING PARTIZIONE: 130.0
****************************************
****************************************
[0] -> [0]
[25, 26, 27, 28, 29, 132, 133, 134, 135, 136, 137, 138, 139, 30, 31, 32, 76, 11, 33, 77, 12, 34, 13, 35, 16, 38, 17, 39, 18, 19, 180, 181, 182, 163, 164, 165, 3, 148, 106, 128, 8, 40] -> [11, 180, 182]
[1, 2] -> [1, 2]
Average: Precision: 1.0   Recall: 0.6904762
Average F1: 0.8169014
RANKING PARTIZIONE: 70.0
****************************************
****************************************
[0] -> [0]
[25, 26, 27, 28, 29, 132, 133, 134, 135, 136, 137, 138, 139, 30, 31, 32, 76, 11, 33, 77, 12, 34, 13, 35, 16, 38, 17, 39, 18, 19, 180, 181, 182, 163, 164, 165, 3, 148, 106, 128, 8, 40] -> [11, 180, 182]
[1, 2] -> [1, 2]
Average: Precision: 1.0   Recall: 0.6904762
Average F1: 0.8169014
RANKING PARTIZIONE: 70.0
****************************************
****************************************
[0] -> [0]
[25, 26, 27, 28, 29, 132, 133, 134, 135, 136, 137, 138, 139, 30, 31, 32, 76, 11, 33, 77, 12, 34, 13, 35, 16, 38, 17, 39, 18, 19, 180, 181, 182, 163, 164, 165, 3, 148, 106, 128, 8, 40] -> [11, 180, 182]
[1, 2] -> [1, 2]
Average: Precision: 1.0   Recall: 0.6904762
Average F1: 0.8169014
RANKING PARTIZIONE: 70.0
****************************************
****************************************
[0] -> [0]
[25, 26, 27, 28, 29, 132, 133, 134, 135, 136, 137, 138, 139, 30, 31, 32, 76, 11, 33, 77, 12, 34, 13, 35, 16, 38, 17, 39, 18, 19, 180, 181, 182, 163, 164, 165, 3, 148, 106, 128, 8, 40] -> [11, 180, 182]
[1, 2] -> [1, 2]
Average: Precision: 1.0   Recall: 0.6904762
Average F1: 0.8169014
RANKING PARTIZIONE: 70.0
****************************************
****************************************
[0] -> [0]
[25, 26, 27, 28, 29, 132, 133, 134, 135, 136, 137, 138, 139, 30, 31, 32, 76, 11, 33, 77, 12, 34, 13, 35, 16, 38, 17, 39, 18, 19, 180, 181, 182, 163, 164, 165, 3, 148, 106, 128, 8, 40] -> [11, 180, 182]
[1, 2] -> [1, 2]
Average: Precision: 1.0   Recall: 0.6904762
Average F1: 0.8169014
RANKING PARTIZIONE: 70.0
****************************************
****************************************
[0] -> [0]
[25, 26, 27, 28, 29, 132, 133, 134, 135, 136, 137, 138, 139, 30, 31, 32, 76, 11, 33, 77, 12, 34, 13, 35, 16, 38, 17, 39, 18, 19, 180, 181, 182, 163, 164, 165, 3, 148, 106, 128, 8, 40] -> [11, 180, 182]
[1, 2] -> [1, 2]
Average: Precision: 1.0   Recall: 0.6904762
Average F1: 0.8169014
RANKING PARTIZIONE: 70.0
****************************************
****************************************
[0] -> [0]
[25, 26, 27, 28, 29, 132, 133, 134, 135, 136, 137, 138, 139, 30, 31, 32, 76, 11, 33, 77, 12, 34, 13, 35, 16, 38, 17, 39, 18, 19, 180, 181, 182, 163, 164, 165, 3, 148, 106, 128, 8, 40] -> [11, 180, 182]
[1, 2] -> [1, 2]
Average: Precision: 1.0   Recall: 0.6904762
Average F1: 0.8169014
RANKING PARTIZIONE: 70.0
****************************************
****************************************
[0] -> [0]
[25, 26, 27, 28, 29, 132, 133, 134, 135, 136, 137, 138, 139, 30, 31, 32, 76, 11, 33, 77, 12, 34, 13, 35, 16, 38, 17, 39, 18, 19, 180, 181, 182, 163, 164, 165, 3, 148, 106, 128, 8, 40] -> [11, 180, 182]
[1, 2] -> [1, 2]
Average: Precision: 1.0   Recall: 0.6904762
Average F1: 0.8169014
RANKING PARTIZIONE: 70.0
****************************************
****************************************
[0] -> [0]
[25, 26, 27, 28, 29, 132, 133, 134, 135, 136, 137, 138, 139, 30, 31, 32, 76, 11, 33, 77, 12, 34, 13, 35, 16, 38, 17, 39, 18, 19, 180, 181, 182, 163, 164, 165, 3, 148, 106, 128, 8, 40] -> [11, 180, 182]
[1, 2] -> [1, 2]
Average: Precision: 1.0   Recall: 0.6904762
Average F1: 0.8169014
RANKING PARTIZIONE: 70.0
****************************************
****************************************
[0] -> [0]
[25, 26, 27, 28, 29, 132, 133, 134, 135, 136, 137, 138, 139, 30, 31, 32, 76, 11, 33, 77, 12, 34, 13, 35, 16, 38, 17, 39, 18, 19, 180, 181, 182, 163, 164, 165, 3, 148, 106, 128, 8, 40] -> [11, 180, 182]
[1, 2] -> [1, 2]
Average: Precision: 1.0   Recall: 0.6904762
Average F1: 0.8169014
RANKING PARTIZIONE: 70.0
****************************************
****************************************
[0] -> [0]
[25, 26, 27, 28, 29, 132, 133, 134, 135, 136, 137, 138, 139, 30, 31, 32, 76, 11, 33, 77, 12, 34, 13, 35, 16, 38, 17, 39, 18, 19, 180, 181, 182, 163, 164, 165, 3, 148, 106, 128, 8, 40] -> [132, 13, 136]
[1, 2] -> [1, 2]
Average: Precision: 1.0   Recall: 0.6904762
Average F1: 0.8169014
RANKING PARTIZIONE: 70.0
****************************************
****************************************
[0] -> [0]
[25, 26, 27, 28, 29, 132, 133, 134, 135, 136, 137, 138, 139, 30, 31, 32, 76, 11, 33, 77, 12, 34, 13, 35, 16, 38, 17, 39, 18, 19, 180, 181, 182, 163, 164, 165, 3, 148, 106, 128, 8, 40] -> [132, 13, 136]
[1, 2] -> [1, 2]
Average: Precision: 1.0   Recall: 0.6904762
Average F1: 0.8169014
RANKING PARTIZIONE: 70.0
****************************************
****************************************
[0] -> [0]
[25, 26, 27, 28, 29, 132, 133, 134, 135, 136, 137, 138, 139, 30, 31, 32, 76, 11, 33, 77, 12, 34, 13, 35, 16, 38, 17, 39, 18, 19, 180, 181, 182, 163, 164, 165, 3, 148, 106, 128, 8, 40] -> [132, 13, 136]
[1, 2] -> [1, 2]
Average: Precision: 1.0   Recall: 0.6904762
Average F1: 0.8169014
RANKING PARTIZIONE: 70.0
****************************************
****************************************
[0] -> [0]
[25, 26, 27, 28, 29, 132, 133, 134, 135, 136, 137, 138, 139, 30, 31, 32, 76, 11, 33, 77, 12, 34, 13, 35, 16, 38, 17, 39, 18, 19, 180, 181, 182, 163, 164, 165, 3, 148, 106, 128, 8, 40] -> [132, 13, 136]
[1, 2] -> [1, 2]
Average: Precision: 1.0   Recall: 0.6904762
Average F1: 0.8169014
RANKING PARTIZIONE: 70.0
****************************************
****************************************
[0] -> [0]
[25, 26, 27, 28, 29, 132, 133, 134, 135, 136, 137, 138, 139, 30, 31, 32, 76, 11, 33, 77, 12, 34, 13, 35, 16, 38, 17, 39, 18, 19, 180, 181, 182, 163, 164, 165, 3, 148, 106, 128, 8, 40] -> [132, 13, 136]
[1, 2] -> [1, 2]
Average: Precision: 1.0   Recall: 0.6904762
Average F1: 0.8169014
RANKING PARTIZIONE: 70.0
****************************************
****************************************
[0] -> [0]
[25, 26, 27, 28, 29, 132, 133, 134, 135, 136, 137, 138, 139, 30, 31, 32, 76, 11, 33, 77, 12, 34, 13, 35, 16, 38, 17, 39, 18, 19, 180, 181, 182, 163, 164, 165, 3, 148, 106, 128, 8, 40] -> [132, 13, 136]
[1, 2] -> [1, 2]
Average: Precision: 1.0   Recall: 0.6904762
Average F1: 0.8169014
RANKING PARTIZIONE: 70.0
****************************************
****************************************
[0] -> [0]
[25, 26, 27, 28, 29, 132, 133, 134, 135, 136, 137, 138, 139, 30, 31, 32, 76, 11, 33, 77, 12, 34, 13, 35, 16, 38, 17, 39, 18, 19, 180, 181, 182, 163, 164, 165, 3, 148, 106, 128, 8, 40] -> [132, 13, 136]
[1, 2] -> [1, 2]
Average: Precision: 1.0   Recall: 0.6904762
Average F1: 0.8169014
RANKING PARTIZIONE: 70.0
****************************************
****************************************
[0] -> [0]
[25, 26, 27, 28, 29, 132, 133, 134, 135, 136, 137, 138, 139, 30, 31, 32, 76, 11, 33, 77, 12, 34, 13, 35, 16, 38, 17, 39, 18, 19, 180, 181, 182, 163, 164, 165, 3, 148, 106, 128, 8, 40] -> [132, 136]
[1, 2] -> [1, 2]
Average: Precision: 1.0   Recall: 0.6825397
Average F1: 0.8113208
RANKING PARTIZIONE: 70.0
****************************************
****************************************
[0] -> [0]
[25, 26, 27, 28, 29, 132, 133, 134, 135, 136, 137, 138, 139, 30, 31, 32, 76, 11, 33, 77, 12, 34, 13, 35, 16, 38, 17, 39, 18, 19, 180, 181, 182, 163, 164, 165, 3, 148, 106, 128, 8, 40] -> [132, 13, 136]
[1, 2] -> [1, 2]
Average: Precision: 1.0   Recall: 0.6904762
Average F1: 0.8169014
RANKING PARTIZIONE: 70.0
****************************************
****************************************
[0] -> [0]
[25, 26, 27, 28, 29, 132, 133, 134, 135, 136, 137, 138, 139, 30, 31, 32, 76, 11, 33, 77, 12, 34, 13, 35, 16, 38, 17, 39, 18, 19, 180, 181, 182, 163, 164, 165, 3, 148, 106, 128, 8, 40] -> [132, 136]
[1, 2] -> [1, 2]
Average: Precision: 1.0   Recall: 0.6825397
Average F1: 0.8113208
RANKING PARTIZIONE: 70.0
****************************************
****************************************
[0] -> [0]
[25, 26, 27, 28, 29, 132, 133, 134, 135, 136, 137, 138, 139, 30, 31, 32, 76, 11, 33, 77, 12, 34, 13, 35, 16, 38, 17, 39, 18, 19, 180, 181, 182, 163, 164, 165, 3, 148, 106, 128, 8, 40] -> [132, 13, 136]
[1, 2] -> [1, 2]
Average: Precision: 1.0   Recall: 0.6904762
Average F1: 0.8169014
RANKING PARTIZIONE: 70.0
****************************************
****************************************
[0] -> [0]
[25, 26, 27, 28, 29, 132, 133, 134, 135, 136, 137, 138, 139, 30, 31, 32, 76, 11, 33, 77, 12, 34, 13, 35, 16, 38, 17, 39, 18, 19, 180, 181, 182, 163, 164, 165, 3, 148, 106, 128, 8, 40] -> [132, 136]
[1, 2] -> [1, 2]
Average: Precision: 1.0   Recall: 0.6825397
Average F1: 0.8113208
RANKING PARTIZIONE: 70.0
****************************************
****************************************
[0] -> [0]
[25, 26, 27, 28, 29, 132, 133, 134, 135, 136, 137, 138, 139, 30, 31, 32, 76, 11, 33, 77, 12, 34, 13, 35, 16, 38, 17, 39, 18, 19, 180, 181, 182, 163, 164, 165, 3, 148, 106, 128, 8, 40] -> [132, 13, 136]
[1, 2] -> [1, 2]
Average: Precision: 1.0   Recall: 0.6904762
Average F1: 0.8169014
RANKING PARTIZIONE: 70.0
****************************************
****************************************
[0] -> [0]
[25, 26, 27, 28, 29, 132, 133, 134, 135, 136, 137, 138, 139, 30, 31, 32, 76, 11, 33, 77, 12, 34, 13, 35, 16, 38, 17, 39, 18, 19, 180, 181, 182, 163, 164, 165, 3, 148, 106, 128, 8, 40] -> [132, 136]
[1, 2] -> [1, 2]
Average: Precision: 1.0   Recall: 0.6825397
Average F1: 0.8113208
RANKING PARTIZIONE: 70.0
****************************************
****************************************
[0] -> [0]
[25, 26, 27, 28, 29, 132, 133, 134, 135, 136, 137, 138, 139, 30, 31, 32, 76, 11, 33, 77, 12, 34, 13, 35, 16, 38, 17, 39, 18, 19, 180, 181, 182, 163, 164, 165, 3, 148, 106, 128, 8, 40] -> [132, 13, 136]
[1, 2] -> [1, 2]
Average: Precision: 1.0   Recall: 0.6904762
Average F1: 0.8169014
RANKING PARTIZIONE: 70.0
****************************************
****************************************
[0] -> [0]
[25, 26, 27, 28, 29, 132, 133, 134, 135, 136, 137, 138, 139, 30, 31, 32, 76, 11, 33, 77, 12, 34, 13, 35, 16, 38, 17, 39, 18, 19, 180, 181, 182, 163, 164, 165, 3, 148, 106, 128, 8, 40] -> [135, 163]
[1, 2] -> [1, 2]
Average: Precision: 1.0   Recall: 0.6825397
Average F1: 0.8113208
RANKING PARTIZIONE: 70.0
****************************************
****************************************
[0] -> [0]
[25, 26, 27, 28, 29, 132, 133, 134, 135, 136, 137, 138, 139, 30, 31, 32, 76, 11, 33, 77, 12, 34, 13, 35, 16, 38, 17, 39, 18, 19, 180, 181, 182, 163, 164, 165, 3, 148, 106, 128, 8, 40] -> [11, 180, 182]
[1, 2] -> [1, 2]
Average: Precision: 1.0   Recall: 0.6904762
Average F1: 0.8169014
RANKING PARTIZIONE: 70.0
****************************************
****************************************
[0] -> [0]
[25, 26, 27, 28, 29, 132, 133, 134, 135, 136, 137, 138, 139, 30, 31, 32, 76, 11, 33, 77, 12, 34, 13, 35, 16, 38, 17, 39, 18, 19, 180, 181, 182, 163, 164, 165, 3, 148, 106, 128, 8, 40] -> [11, 180, 182]
[1, 2] -> [1, 2]
Average: Precision: 1.0   Recall: 0.6904762
Average F1: 0.8169014
RANKING PARTIZIONE: 70.0
****************************************
****************************************
[0] -> [0]
[25, 26, 27, 28, 29, 132, 133, 134, 135, 136, 137, 138, 139, 30, 31, 32, 76, 11, 33, 77, 12, 34, 13, 35, 16, 38, 17, 39, 18, 19, 180, 181, 182, 163, 164, 165, 3, 148, 106, 128, 8, 40] -> [11, 180, 182]
[1, 2] -> [1, 2]
Average: Precision: 1.0   Recall: 0.6904762
Average F1: 0.8169014
RANKING PARTIZIONE: 70.0
****************************************
****************************************
[0] -> [0]
[25, 26, 27, 28, 29, 132, 133, 134, 135, 136, 137, 138, 139, 30, 31, 32, 76, 11, 33, 77, 12, 34, 13, 35, 16, 38, 17, 39, 18, 19, 180, 181, 182, 163, 164, 165, 3, 148, 106, 128, 8, 40] -> [11, 180, 182]
[1, 2] -> [1, 2]
Average: Precision: 1.0   Recall: 0.6904762
Average F1: 0.8169014
RANKING PARTIZIONE: 70.0
****************************************
****************************************
[0] -> [0]
[25, 26, 27, 28, 29, 132, 133, 134, 135, 136, 137, 138, 139, 30, 31, 32, 76, 11, 33, 77, 12, 34, 13, 35, 16, 38, 17, 39, 18, 19, 180, 181, 182, 163, 164, 165, 3, 148, 106, 128, 8, 40] -> [11, 180, 182]
[1, 2] -> [1, 2]
Average: Precision: 1.0   Recall: 0.6904762
Average F1: 0.8169014
RANKING PARTIZIONE: 70.0
****************************************
****************************************
[0] -> [0]
[25, 26, 27, 28, 29, 132, 133, 134, 135, 136, 137, 138, 139, 30, 31, 32, 76, 11, 33, 77, 12, 34, 13, 35, 16, 38, 17, 39, 18, 19, 180, 181, 182, 163, 164, 165, 3, 148, 106, 128, 8, 40] -> [11, 180, 182]
[1, 2] -> [1, 2]
Average: Precision: 1.0   Recall: 0.6904762
Average F1: 0.8169014
RANKING PARTIZIONE: 70.0
****************************************
****************************************
[0] -> [0]
[25, 26, 27, 28, 29, 132, 133, 134, 135, 136, 137, 138, 139, 30, 31, 32, 76, 11, 33, 77, 12, 34, 13, 35, 16, 38, 17, 39, 18, 19, 180, 181, 182, 163, 164, 165, 3, 148, 106, 128, 8, 40] -> [135, 163]
[1, 2] -> [1, 2]
Average: Precision: 1.0   Recall: 0.6825397
Average F1: 0.8113208
RANKING PARTIZIONE: 70.0
****************************************
****************************************
[0] -> [0]
[25, 26, 27, 28, 29, 132, 133, 134, 135, 136, 137, 138, 139, 30, 31, 32, 76, 11, 33, 77, 12, 34, 13, 35, 16, 38, 17, 39, 18, 19, 180, 181, 182, 163, 164, 165, 3, 148, 106, 128, 8, 40] -> [137, 40]
[1, 2] -> [1, 2]
Average: Precision: 1.0   Recall: 0.6825397
Average F1: 0.8113208
RANKING PARTIZIONE: 70.0
****************************************
****************************************
[0] -> [0]
[25, 26, 27, 28, 29, 132, 133, 134, 135, 136, 137, 138, 139, 30, 31, 32, 76, 11, 33, 77, 12, 34, 13, 35, 16, 38, 17, 39, 18, 19, 180, 181, 182, 163, 164, 165, 3, 148, 106, 128, 8, 40] -> [26, 128]
[1, 2] -> [1, 2]
Average: Precision: 1.0   Recall: 0.6825397
Average F1: 0.8113208
RANKING PARTIZIONE: 70.0
****************************************
****************************************
[0] -> [0]
[25, 26, 27, 28, 29, 132, 133, 134, 135, 136, 137, 138, 139, 30, 31, 32, 76, 11, 33, 77, 12, 34, 13, 35, 16, 38, 17, 39, 18, 19, 180, 181, 182, 163, 164, 165, 3, 148, 106, 128, 8, 40] -> [132, 13, 136]
[1, 2] -> [1, 2]
Average: Precision: 1.0   Recall: 0.6904762
Average F1: 0.8169014
RANKING PARTIZIONE: 70.0
****************************************
****************************************
[0] -> [0]
[25, 26, 27, 28, 29, 132, 133, 134, 135, 136, 137, 138, 139, 30, 31, 32, 76, 11, 33, 77, 12, 34, 13, 35, 16, 38, 17, 39, 18, 19, 180, 181, 182, 163, 164, 165, 3, 148, 106, 128, 8, 40] -> [132, 13, 136]
[1, 2] -> [1, 2]
Average: Precision: 1.0   Recall: 0.6904762
Average F1: 0.8169014
RANKING PARTIZIONE: 70.0
****************************************
****************************************
[0] -> [0]
[25, 26, 27, 28, 29, 132, 133, 134, 135, 136, 137, 138, 139, 30, 31, 32, 76, 11, 33, 77, 12, 34, 13, 35, 16, 38, 17, 39, 18, 19, 180, 181, 182, 163, 164, 165, 3, 148, 106, 128, 8, 40] -> [132, 13, 136]
[1, 2] -> [1, 2]
Average: Precision: 1.0   Recall: 0.6904762
Average F1: 0.8169014
RANKING PARTIZIONE: 70.0
****************************************
****************************************
[0] -> [0]
[25, 26, 27, 28, 29, 132, 133, 134, 135, 136, 137, 138, 139, 30, 31, 32, 76, 11, 33, 77, 12, 34, 13, 35, 16, 38, 17, 39, 18, 19, 180, 181, 182, 163, 164, 165, 3, 148, 106, 128, 8, 40] -> [132, 13, 136]
[1, 2] -> [1, 2]
Average: Precision: 1.0   Recall: 0.6904762
Average F1: 0.8169014
RANKING PARTIZIONE: 70.0
****************************************
****************************************
[0] -> [0]
[25, 26, 27, 28, 29, 132, 133, 134, 135, 136, 137, 138, 139, 30, 31, 32, 76, 11, 33, 77, 12, 34, 13, 35, 16, 38, 17, 39, 18, 19, 180, 181, 182, 163, 164, 165, 3, 148, 106, 128, 8, 40] -> [132, 13, 136]
[1, 2] -> [1, 2]
Average: Precision: 1.0   Recall: 0.6904762
Average F1: 0.8169014
RANKING PARTIZIONE: 70.0
****************************************
****************************************
[0] -> [0]
[25, 26, 27, 28, 29, 132, 133, 134, 135, 136, 137, 138, 139, 30, 31, 32, 76, 11, 33, 77, 12, 34, 13, 35, 16, 38, 17, 39, 18, 19, 180, 181, 182, 163, 164, 165, 3, 148, 106, 128, 8, 40] -> [132, 13, 136]
[1, 2] -> [1, 2]
Average: Precision: 1.0   Recall: 0.6904762
Average F1: 0.8169014
RANKING PARTIZIONE: 70.0
****************************************
****************************************
[0] -> [0]
[25, 26, 27, 28, 29, 132, 133, 134, 135, 136, 137, 138, 139, 30, 31, 32, 76, 11, 33, 77, 12, 34, 13, 35, 16, 38, 17, 39, 18, 19, 180, 181, 182, 163, 164, 165, 3, 148, 106, 128, 8, 40] -> [132, 13, 136]
[1, 2] -> [1, 2]
Average: Precision: 1.0   Recall: 0.6904762
Average F1: 0.8169014
RANKING PARTIZIONE: 70.0
****************************************
****************************************
[0] -> [0]
[25, 26, 27, 28, 29, 132, 133, 134, 135, 136, 137, 138, 139, 30, 31, 32, 76, 11, 33, 77, 12, 34, 13, 35, 16, 38, 17, 39, 18, 19, 180, 181, 182, 163, 164, 165, 3, 148, 106, 128, 8, 40] -> [132, 13, 136]
[1, 2] -> [1, 2]
Average: Precision: 1.0   Recall: 0.6904762
Average F1: 0.8169014
RANKING PARTIZIONE: 70.0
****************************************
****************************************
[0] -> [0]
[25, 26, 27, 28, 29, 132, 133, 134, 135, 136, 137, 138, 139, 30, 31, 32, 76, 11, 33, 77, 12, 34, 13, 35, 16, 38, 17, 39, 18, 19, 180, 181, 182, 163, 164, 165, 3, 148, 106, 128, 8, 40] -> [132, 13, 136]
[1, 2] -> [1, 2]
Average: Precision: 1.0   Recall: 0.6904762
Average F1: 0.8169014
RANKING PARTIZIONE: 70.0
****************************************
****************************************
[0] -> [0]
[25, 26, 27, 28, 29, 132, 133, 134, 135, 136, 137, 138, 139, 30, 31, 32, 76, 11, 33, 77, 12, 34, 13, 35, 16, 38, 17, 39, 18, 19, 180, 181, 182, 163, 164, 165, 3, 148, 106, 128, 8, 40] -> [132, 13, 136]
[1, 2] -> [1, 2]
Average: Precision: 1.0   Recall: 0.6904762
Average F1: 0.8169014
RANKING PARTIZIONE: 70.0
****************************************
****************************************
[0] -> [0]
[25, 26, 27, 28, 29, 132, 133, 134, 135, 136, 137, 138, 139, 30, 31, 32, 76, 11, 33, 77, 12, 34, 13, 35, 16, 38, 17, 39, 18, 19, 180, 181, 182, 163, 164, 165, 3, 148, 106, 128, 8, 40] -> [132, 13, 136]
[1, 2] -> [1, 2]
Average: Precision: 1.0   Recall: 0.6904762
Average F1: 0.8169014
RANKING PARTIZIONE: 70.0
****************************************
****************************************
[0] -> [0]
[25, 26, 27, 28, 29, 132, 133, 134, 135, 136, 137, 138, 139, 30, 31, 32, 76, 11, 33, 77, 12, 34, 13, 35, 16, 38, 17, 39, 18, 19, 180, 181, 182, 163, 164, 165, 3, 148, 106, 128, 8, 40] -> [132, 13, 136]
[1, 2] -> [1, 2]
Average: Precision: 1.0   Recall: 0.6904762
Average F1: 0.8169014
RANKING PARTIZIONE: 70.0
****************************************
****************************************
[0] -> [0]
[25, 26, 27, 28, 29, 132, 133, 134, 135, 136, 137, 138, 139, 30, 31, 32, 76, 11, 33, 77, 12, 34, 13, 35, 16, 38, 17, 39, 18, 19, 180, 181, 182, 163, 164, 165, 3, 148, 106, 128, 8, 40] -> [11, 180, 182]
[1, 2] -> [1, 2]
Average: Precision: 1.0   Recall: 0.6904762
Average F1: 0.8169014
RANKING PARTIZIONE: 70.0
****************************************
****************************************
[0] -> [0]
[25, 26, 27, 28, 29, 132, 133, 134, 135, 136, 137, 138, 139, 30, 31, 32, 76, 11, 33, 77, 12, 34, 13, 35, 16, 38, 17, 39, 18, 19, 180, 181, 182, 163, 164, 165, 3, 148, 106, 128, 8, 40] -> [11, 180, 182]
[1, 2] -> [1, 2]
Average: Precision: 1.0   Recall: 0.6904762
Average F1: 0.8169014
RANKING PARTIZIONE: 70.0
****************************************
****************************************
[0] -> [0]
[25, 26, 27, 28, 29, 132, 133, 134, 135, 136, 137, 138, 139, 30, 31, 32, 76, 11, 33, 77, 12, 34, 13, 35, 16, 38, 17, 39, 18, 19, 180, 181, 182, 163, 164, 165, 3, 148, 106, 128, 8, 40] -> [11, 180, 182]
[1, 2] -> [1, 2]
Average: Precision: 1.0   Recall: 0.6904762
Average F1: 0.8169014
RANKING PARTIZIONE: 70.0
****************************************
****************************************
[0] -> [0]
[25, 26, 27, 28, 29, 132, 133, 134, 135, 136, 137, 138, 139, 30, 31, 32, 76, 11, 33, 77, 12, 34, 13, 35, 16, 38, 17, 39, 18, 19, 180, 181, 182, 163, 164, 165, 3, 148, 106, 128, 8, 40] -> [132, 136]
[1, 2] -> [1, 2]
Average: Precision: 1.0   Recall: 0.6825397
Average F1: 0.8113208
RANKING PARTIZIONE: 70.0
****************************************
****************************************
[0] -> [0]
[25, 26, 27, 28, 29, 132, 133, 134, 135, 136, 137, 138, 139, 30, 31, 32, 76, 11, 33, 77, 12, 34, 13, 35, 16, 38, 17, 39, 18, 19, 180, 181, 182, 163, 164, 165, 3, 148, 106, 128, 8, 40] -> [132, 136]
[1, 2] -> [1, 2]
Average: Precision: 1.0   Recall: 0.6825397
Average F1: 0.8113208
RANKING PARTIZIONE: 70.0
****************************************
****************************************
[0] -> [0]
[25, 26, 27, 28, 29, 132, 133, 134, 135, 136, 137, 138, 139, 30, 31, 32, 76, 11, 33, 77, 12, 34, 13, 35, 16, 38, 17, 39, 18, 19, 180, 181, 182, 163, 164, 165, 3, 148, 106, 128, 8, 40] -> [135, 163]
[1, 2] -> [1, 2]
Average: Precision: 1.0   Recall: 0.6825397
Average F1: 0.8113208
RANKING PARTIZIONE: 70.0
****************************************
****************************************
[0] -> [0]
[25, 26, 27, 28, 29, 132, 133, 134, 135, 136, 137, 138, 139, 30, 31, 32, 76, 11, 33, 77, 12, 34, 13, 35, 16, 38, 17, 39, 18, 19, 180, 181, 182, 163, 164, 165, 3, 148, 106, 128, 8, 40] -> [135, 163]
[1, 2] -> [1, 2]
Average: Precision: 1.0   Recall: 0.6825397
Average F1: 0.8113208
RANKING PARTIZIONE: 70.0
****************************************
****************************************
[0] -> [0]
[25, 26, 27, 28, 29, 132, 133, 134, 135, 136, 137, 138, 139, 30, 31, 32, 76, 11, 33, 77, 12, 34, 13, 35, 16, 38, 17, 39, 18, 19, 180, 181, 182, 163, 164, 165, 3, 148, 106, 128, 8, 40] -> [11, 180, 182]
[1, 2] -> [1, 2]
Average: Precision: 1.0   Recall: 0.6904762
Average F1: 0.8169014
RANKING PARTIZIONE: 70.0
****************************************
****************************************
[0] -> [0]
[25, 26, 27, 28, 29, 132, 133, 134, 135, 136, 137, 138, 139, 30, 31, 32, 76, 11, 33, 77, 12, 34, 13, 35, 16, 38, 17, 39, 18, 19, 180, 181, 182, 163, 164, 165, 3, 148, 106, 128, 8, 40] -> [11, 180, 182]
[1, 2] -> [1, 2]
Average: Precision: 1.0   Recall: 0.6904762
Average F1: 0.8169014
RANKING PARTIZIONE: 70.0
****************************************
****************************************
[0] -> [0]
[25, 26, 27, 28, 29, 132, 133, 134, 135, 136, 137, 138, 139, 30, 31, 32, 76, 11, 33, 77, 12, 34, 13, 35, 16, 38, 17, 39, 18, 19, 180, 181, 182, 163, 164, 165, 3, 148, 106, 128, 8, 40] -> [11, 180, 182]
[1, 2] -> [1, 2]
Average: Precision: 1.0   Recall: 0.6904762
Average F1: 0.8169014
RANKING PARTIZIONE: 70.0
****************************************
****************************************
[0] -> [0]
[25, 26, 27, 28, 29, 132, 133, 134, 135, 136, 137, 138, 139, 30, 31, 32, 76, 11, 33, 77, 12, 34, 13, 35, 16, 38, 17, 39, 18, 19, 180, 181, 182, 163, 164, 165, 3, 148, 106, 128, 8, 40] -> [11, 180, 182]
[1, 2] -> [1, 2]
Average: Precision: 1.0   Recall: 0.6904762
Average F1: 0.8169014
RANKING PARTIZIONE: 70.0
****************************************
****************************************
[0] -> [0]
[25, 26, 27, 28, 29, 132, 133, 134, 135, 136, 137, 138, 139, 30, 31, 32, 76, 11, 33, 77, 12, 34, 13, 35, 16, 38, 17, 39, 18, 19, 180, 181, 182, 163, 164, 165, 3, 148, 106, 128, 8, 40] -> [11, 180, 182]
[1, 2] -> [1, 2]
Average: Precision: 1.0   Recall: 0.6904762
Average F1: 0.8169014
RANKING PARTIZIONE: 70.0
****************************************
****************************************
[0] -> [0]
[25, 26, 27, 28, 29, 132, 133, 134, 135, 136, 137, 138, 139, 30, 31, 32, 76, 11, 33, 77, 12, 34, 13, 35, 16, 38, 17, 39, 18, 19, 180, 181, 182, 163, 164, 165, 3, 148, 106, 128, 8, 40] -> [11, 180, 182]
[1, 2] -> [1, 2]
Average: Precision: 1.0   Recall: 0.6904762
Average F1: 0.8169014
RANKING PARTIZIONE: 70.0
****************************************
****************************************
[0] -> [0]
[25, 26, 27, 28, 29, 132, 133, 134, 135, 136, 137, 138, 139, 30, 31, 32, 76, 11, 33, 77, 12, 34, 13, 35, 16, 38, 17, 39, 18, 19, 180, 181, 182, 163, 164, 165, 3, 148, 106, 128, 8, 40] -> [11, 180, 182]
[1, 2] -> [1, 2]
Average: Precision: 1.0   Recall: 0.6904762
Average F1: 0.8169014
RANKING PARTIZIONE: 70.0
****************************************
****************************************
[0] -> [0]
[25, 26, 27, 28, 29, 132, 133, 134, 135, 136, 137, 138, 139, 30, 31, 32, 76, 11, 33, 77, 12, 34, 13, 35, 16, 38, 17, 39, 18, 19, 180, 181, 182, 163, 164, 165, 3, 148, 106, 128, 8, 40] -> [11, 180, 182]
[1, 2] -> [1, 2]
Average: Precision: 1.0   Recall: 0.6904762
Average F1: 0.8169014
RANKING PARTIZIONE: 70.0
****************************************
****************************************
[0] -> [0]
[25, 26, 27, 28, 29, 132, 133, 134, 135, 136, 137, 138, 139, 30, 31, 32, 76, 11, 33, 77, 12, 34, 13, 35, 16, 38, 17, 39, 18, 19, 180, 181, 182, 163, 164, 165, 3, 148, 106, 128, 8, 40] -> [11, 180, 182]
[1, 2] -> [1, 2]
Average: Precision: 1.0   Recall: 0.6904762
Average F1: 0.8169014
RANKING PARTIZIONE: 70.0
****************************************
****************************************
[0] -> [0]
[25, 26, 27, 28, 29, 132, 133, 134, 135, 136, 137, 138, 139, 30, 31, 32, 76, 11, 33, 77, 12, 34, 13, 35, 16, 38, 17, 39, 18, 19, 180, 181, 182, 163, 164, 165, 3, 148, 106, 128, 8, 40] -> [11, 180, 182]
[1, 2] -> [1, 2]
Average: Precision: 1.0   Recall: 0.6904762
Average F1: 0.8169014
RANKING PARTIZIONE: 70.0
****************************************
****************************************
[0] -> [0]
[25, 26, 27, 28, 29, 132, 133, 134, 135, 136, 137, 138, 139, 30, 31, 32, 76, 11, 33, 77, 12, 34, 13, 35, 16, 38, 17, 39, 18, 19, 180, 181, 182, 163, 164, 165, 3, 148, 106, 128, 8, 40] -> [132, 136]
[1, 2] -> [1, 2]
Average: Precision: 1.0   Recall: 0.6825397
Average F1: 0.8113208
RANKING PARTIZIONE: 70.0
****************************************
****************************************
[0] -> [0]
[25, 26, 27, 28, 29, 132, 133, 134, 135, 136, 137, 138, 139, 30, 31, 32, 76, 11, 33, 77, 12, 34, 13, 35, 16, 38, 17, 39, 18, 19, 180, 181, 182, 163, 164, 165, 3, 148, 106, 128, 8, 40] -> [132, 136]
[1, 2] -> [1, 2]
Average: Precision: 1.0   Recall: 0.6825397
Average F1: 0.8113208
RANKING PARTIZIONE: 70.0
****************************************
****************************************
[0] -> [0]
[25, 26, 27, 28, 29, 132, 133, 134, 135, 136, 137, 138, 139, 30, 31, 32, 76, 11, 33, 77, 12, 34, 13, 35, 16, 38, 17, 39, 18, 19, 180, 181, 182, 163, 164, 165, 3, 148, 106, 128, 8, 40] -> [135, 163]
[1, 2] -> [1, 2]
Average: Precision: 1.0   Recall: 0.6825397
Average F1: 0.8113208
RANKING PARTIZIONE: 70.0
****************************************
****************************************
[0] -> [0]
[25, 26, 27, 28, 29, 132, 133, 134, 135, 136, 137, 138, 139, 30, 31, 32, 76, 11, 33, 77, 12, 34, 13, 35, 16, 38, 17, 39, 18, 19, 180, 181, 182, 163, 164, 165, 3, 148, 106, 128, 8, 40] -> [135, 163]
[1, 2] -> [1, 2]
Average: Precision: 1.0   Recall: 0.6825397
Average F1: 0.8113208
RANKING PARTIZIONE: 70.0
****************************************
****************************************
[0] -> [0]
[25, 26, 27, 28, 29, 132, 133, 134, 135, 136, 137, 138, 139, 30, 31, 32, 76, 11, 33, 77, 12, 34, 13, 35, 16, 38, 17, 39, 18, 19, 180, 181, 182, 163, 164, 165, 3, 148, 106, 128, 8, 40] -> [132, 136]
[1, 2] -> [1, 2]
Average: Precision: 1.0   Recall: 0.6825397
Average F1: 0.8113208
RANKING PARTIZIONE: 70.0
****************************************
****************************************
[0] -> [0]
[25, 26, 27, 28, 29, 132, 133, 134, 135, 136, 137, 138, 139, 30, 31, 32, 76, 11, 33, 77, 12, 34, 13, 35, 16, 38, 17, 39, 18, 19, 180, 181, 182, 163, 164, 165, 3, 148, 106, 128, 8, 40] -> [11, 180, 182]
[1, 2] -> [1, 2]
Average: Precision: 1.0   Recall: 0.6904762
Average F1: 0.8169014
RANKING PARTIZIONE: 70.0
****************************************
****************************************
[0] -> [0]
[25, 26, 27, 28, 29, 132, 133, 134, 135, 136, 137, 138, 139, 30, 31, 32, 76, 11, 33, 77, 12, 34, 13, 35, 16, 38, 17, 39, 18, 19, 180, 181, 182, 163, 164, 165, 3, 148, 106, 128, 8, 40] -> [11, 180, 182]
[1, 2] -> [1, 2]
Average: Precision: 1.0   Recall: 0.6904762
Average F1: 0.8169014
RANKING PARTIZIONE: 70.0
****************************************
****************************************
[0] -> [0]
[25, 26, 27, 28, 29, 132, 133, 134, 135, 136, 137, 138, 139, 30, 31, 32, 76, 11, 33, 77, 12, 34, 13, 35, 16, 38, 17, 39, 18, 19, 180, 181, 182, 163, 164, 165, 3, 148, 106, 128, 8, 40] -> [11, 180, 182]
[1, 2] -> [1, 2]
Average: Precision: 1.0   Recall: 0.6904762
Average F1: 0.8169014
RANKING PARTIZIONE: 70.0
****************************************
****************************************
[0] -> [0]
[25, 26, 27, 28, 29, 132, 133, 134, 135, 136, 137, 138, 139, 30, 31, 32, 76, 11, 33, 77, 12, 34, 13, 35, 16, 38, 17, 39, 18, 19, 180, 181, 182, 163, 164, 165, 3, 148, 106, 128, 8, 40] -> [132, 13, 136]
[1, 2] -> [1, 2]
Average: Precision: 1.0   Recall: 0.6904762
Average F1: 0.8169014
RANKING PARTIZIONE: 70.0
****************************************
****************************************
[0] -> [0]
[25, 26, 27, 28, 29, 132, 133, 134, 135, 136, 137, 138, 139, 30, 31, 32, 76, 11, 33, 77, 12, 34, 13, 35, 16, 38, 17, 39, 18, 19, 180, 181, 182, 163, 164, 165, 3, 148, 106, 128, 8, 40] -> [132, 13, 136]
[1, 2] -> [1, 2]
Average: Precision: 1.0   Recall: 0.6904762
Average F1: 0.8169014
RANKING PARTIZIONE: 70.0
****************************************
****************************************
[0] -> [0]
[25, 26, 27, 28, 29, 132, 133, 134, 135, 136, 137, 138, 139, 30, 31, 32, 76, 11, 33, 77, 12, 34, 13, 35, 16, 38, 17, 39, 18, 19, 180, 181, 182, 163, 164, 165, 3, 148, 106, 128, 8, 40] -> [132, 13, 136]
[1, 2] -> [1, 2]
Average: Precision: 1.0   Recall: 0.6904762
Average F1: 0.8169014
RANKING PARTIZIONE: 70.0
****************************************
****************************************
[0] -> [0]
[25, 26, 27, 28, 29, 132, 133, 134, 135, 136, 137, 138, 139, 30, 31, 32, 76, 11, 33, 77, 12, 34, 13, 35, 16, 38, 17, 39, 18, 19, 180, 181, 182, 163, 164, 165, 3, 148, 106, 128, 8, 40] -> [132, 13, 136]
[1, 2] -> [1, 2]
Average: Precision: 1.0   Recall: 0.6904762
Average F1: 0.8169014
RANKING PARTIZIONE: 70.0
****************************************
****************************************
[0] -> [0]
[25, 26, 27, 28, 29, 132, 133, 134, 135, 136, 137, 138, 139, 30, 31, 32, 76, 11, 33, 77, 12, 34, 13, 35, 16, 38, 17, 39, 18, 19, 180, 181, 182, 163, 164, 165, 3, 148, 106, 128, 8, 40] -> [132, 136]
[1, 2] -> [1, 2]
Average: Precision: 1.0   Recall: 0.6825397
Average F1: 0.8113208
RANKING PARTIZIONE: 70.0
****************************************
****************************************
[0] -> [0]
[25, 26, 27, 28, 29, 132, 133, 134, 135, 136, 137, 138, 139, 30, 31, 32, 76, 11, 33, 77, 12, 34, 13, 35, 16, 38, 17, 39, 18, 19, 180, 181, 182, 163, 164, 165, 3, 148, 106, 128, 8, 40] -> [132, 136]
[1, 2] -> [1, 2]
Average: Precision: 1.0   Recall: 0.6825397
Average F1: 0.8113208
RANKING PARTIZIONE: 70.0
****************************************
****************************************
[0] -> [0]
[25, 26, 27, 28, 29, 132, 133, 134, 135, 136, 137, 138, 139, 30, 31, 32, 76, 11, 33, 77, 12, 34, 13, 35, 16, 38, 17, 39, 18, 19, 180, 181, 182, 163, 164, 165, 3, 148, 106, 128, 8, 40] -> [132, 136]
[1, 2] -> [1, 2]
Average: Precision: 1.0   Recall: 0.6825397
Average F1: 0.8113208
RANKING PARTIZIONE: 70.0
****************************************
****************************************
[0] -> [0]
[25, 26, 27, 28, 29, 132, 133, 134, 135, 136, 137, 138, 139, 30, 31, 32, 76, 11, 33, 77, 12, 34, 13, 35, 16, 38, 17, 39, 18, 19, 180, 181, 182, 163, 164, 165, 3, 148, 106, 128, 8, 40] -> [132, 136]
[1, 2] -> [1, 2]
Average: Precision: 1.0   Recall: 0.6825397
Average F1: 0.8113208
RANKING PARTIZIONE: 70.0
****************************************
****************************************
[0] -> [0]
[25, 26, 27, 28, 29, 132, 133, 134, 135, 136, 137, 138, 139, 30, 31, 32, 76, 11, 33, 77, 12, 34, 13, 35, 16, 38, 17, 39, 18, 19, 180, 181, 182, 163, 164, 165, 3, 148, 106, 128, 8, 40] -> [135, 163]
[1, 2] -> [1, 2]
Average: Precision: 1.0   Recall: 0.6825397
Average F1: 0.8113208
RANKING PARTIZIONE: 70.0
****************************************
****************************************
[0] -> [0]
[25, 26, 27, 28, 29, 132, 133, 134, 135, 136, 137, 138, 139, 30, 31, 32, 76, 11, 33, 77, 12, 34, 13, 35, 16, 38, 17, 39, 18, 19, 180, 181, 182, 163, 164, 165, 3, 148, 106, 128, 8, 40] -> [135, 163]
[1, 2] -> [1, 2]
Average: Precision: 1.0   Recall: 0.6825397
Average F1: 0.8113208
RANKING PARTIZIONE: 70.0
****************************************
****************************************
[0] -> [0]
[25, 26, 27, 28, 29, 132, 133, 134, 135, 136, 137, 138, 139, 30, 31, 32, 76, 11, 33, 77, 12, 34, 13, 35, 16, 38, 17, 39, 18, 19, 180, 181, 182, 163, 164, 165, 3, 148, 106, 128, 8, 40] -> [137, 40]
[1, 2] -> [1, 2]
Average: Precision: 1.0   Recall: 0.6825397
Average F1: 0.8113208
RANKING PARTIZIONE: 70.0
****************************************
****************************************
[0] -> [0]
[25, 26, 27, 28, 29, 132, 133, 134, 135, 136, 137, 138, 139, 30, 31, 32, 76, 11, 33, 77, 12, 34, 13, 35, 16, 38, 17, 39, 18, 19, 180, 181, 182, 163, 164, 165, 3, 148, 106, 128, 8, 40] -> [26, 128]
[1, 2] -> [1, 2]
Average: Precision: 1.0   Recall: 0.6825397
Average F1: 0.8113208
RANKING PARTIZIONE: 70.0
****************************************
****************************************
[0] -> [0]
[25, 26, 27, 28, 29, 132, 133, 134, 135, 136, 137, 138, 139, 30, 31, 32, 76, 11, 33, 77, 12, 34, 13, 35, 16, 38, 17, 39, 18, 19, 180, 181, 182, 163, 164, 165, 3, 148, 106, 128, 8, 40] -> [132, 13, 136]
[1, 2] -> [1, 2]
Average: Precision: 1.0   Recall: 0.6904762
Average F1: 0.8169014
RANKING PARTIZIONE: 60.0
****************************************
****************************************
[0] -> [0]
[25, 26, 27, 28, 29, 132, 133, 134, 135, 136, 137, 138, 139, 30, 31, 32, 76, 11, 33, 77, 12, 34, 13, 35, 16, 38, 17, 39, 18, 19, 180, 181, 182, 163, 164, 165, 3, 148, 106, 128, 8, 40] -> [132, 13, 136]
[1, 2] -> [1, 2]
Average: Precision: 1.0   Recall: 0.6904762
Average F1: 0.8169014
RANKING PARTIZIONE: 60.0
****************************************
****************************************
[0] -> [0]
[25, 26, 27, 28, 29, 132, 133, 134, 135, 136, 137, 138, 139, 30, 31, 32, 76, 11, 33, 77, 12, 34, 13, 35, 16, 38, 17, 39, 18, 19, 180, 181, 182, 163, 164, 165, 3, 148, 106, 128, 8, 40] -> [132, 13, 136]
[1, 2] -> [1, 2]
Average: Precision: 1.0   Recall: 0.6904762
Average F1: 0.8169014
RANKING PARTIZIONE: 60.0
****************************************
****************************************
[0] -> [0]
[25, 26, 27, 28, 29, 132, 133, 134, 135, 136, 137, 138, 139, 30, 31, 32, 76, 11, 33, 77, 12, 34, 13, 35, 16, 38, 17, 39, 18, 19, 180, 181, 182, 163, 164, 165, 3, 148, 106, 128, 8, 40] -> [132, 13, 136]
[1, 2] -> [1, 2]
Average: Precision: 1.0   Recall: 0.6904762
Average F1: 0.8169014
RANKING PARTIZIONE: 60.0
****************************************
****************************************
[0] -> [0]
[25, 26, 27, 28, 29, 132, 133, 134, 135, 136, 137, 138, 139, 30, 31, 32, 76, 11, 33, 77, 12, 34, 13, 35, 16, 38, 17, 39, 18, 19, 180, 181, 182, 163, 164, 165, 3, 148, 106, 128, 8, 40] -> [132, 13, 136]
[1, 2] -> [1, 2]
Average: Precision: 1.0   Recall: 0.6904762
Average F1: 0.8169014
RANKING PARTIZIONE: 60.0
****************************************
****************************************
[0] -> [0]
[25, 26, 27, 28, 29, 132, 133, 134, 135, 136, 137, 138, 139, 30, 31, 32, 76, 11, 33, 77, 12, 34, 13, 35, 16, 38, 17, 39, 18, 19, 180, 181, 182, 163, 164, 165, 3, 148, 106, 128, 8, 40] -> [25, 26, 27, 28, 29, 132, 133, 134, 135, 136, 137, 138, 139, 30, 31, 76, 32, 77, 11, 33, 34, 12, 13, 35, 16, 38, 17, 39, 18, 19, 180, 181, 182, 163, 164, 165, 3, 148, 106, 128, 8, 40]
[1, 2] -> [1, 2]
Average: Precision: 1.0   Recall: 1.0
Average F1: 1.0
RANKING PARTIZIONE: 60.0
****************************************
****************************************
[0] -> [0]
[25, 26, 27, 28, 29, 132, 133, 134, 135, 136, 137, 138, 139, 30, 31, 32, 76, 11, 33, 77, 12, 34, 13, 35, 16, 38, 17, 39, 18, 19, 180, 181, 182, 163, 164, 165, 3, 148, 106, 128, 8, 40] -> [137, 40]
[1, 2] -> [1, 2]
Average: Precision: 1.0   Recall: 0.6825397
Average F1: 0.8113208
RANKING PARTIZIONE: 60.0
****************************************
****************************************
[0] -> [0]
[25, 26, 27, 28, 29, 132, 133, 134, 135, 136, 137, 138, 139, 30, 31, 32, 76, 11, 33, 77, 12, 34, 13, 35, 16, 38, 17, 39, 18, 19, 180, 181, 182, 163, 164, 165, 3, 148, 106, 128, 8, 40] -> [132, 136]
[1, 2] -> [1, 2]
Average: Precision: 1.0   Recall: 0.6825397
Average F1: 0.8113208
RANKING PARTIZIONE: 60.0
****************************************
****************************************
[0] -> [0]
[25, 26, 27, 28, 29, 132, 133, 134, 135, 136, 137, 138, 139, 30, 31, 32, 76, 11, 33, 77, 12, 34, 13, 35, 16, 38, 17, 39, 18, 19, 180, 181, 182, 163, 164, 165, 3, 148, 106, 128, 8, 40] -> [137, 40]
[1, 2] -> [1, 2]
Average: Precision: 1.0   Recall: 0.6825397
Average F1: 0.8113208
RANKING PARTIZIONE: 60.0
****************************************
****************************************
[0] -> [0]
[25, 26, 27, 28, 29, 132, 133, 134, 135, 136, 137, 138, 139, 30, 31, 32, 76, 11, 33, 77, 12, 34, 13, 35, 16, 38, 17, 39, 18, 19, 180, 181, 182, 163, 164, 165, 3, 148, 106, 128, 8, 40] -> [132, 136]
[1, 2] -> [1, 2]
Average: Precision: 1.0   Recall: 0.6825397
Average F1: 0.8113208
RANKING PARTIZIONE: 60.0
****************************************
****************************************
[0] -> [0]
[25, 26, 27, 28, 29, 132, 133, 134, 135, 136, 137, 138, 139, 30, 31, 32, 76, 11, 33, 77, 12, 34, 13, 35, 16, 38, 17, 39, 18, 19, 180, 181, 182, 163, 164, 165, 3, 148, 106, 128, 8, 40] -> [137, 40]
[1, 2] -> [1, 2]
Average: Precision: 1.0   Recall: 0.6825397
Average F1: 0.8113208
RANKING PARTIZIONE: 60.0
****************************************
****************************************
[0] -> [0]
[25, 26, 27, 28, 29, 132, 133, 134, 135, 136, 137, 138, 139, 30, 31, 32, 76, 11, 33, 77, 12, 34, 13, 35, 16, 38, 17, 39, 18, 19, 180, 181, 182, 163, 164, 165, 3, 148, 106, 128, 8, 40] -> [132, 136]
[1, 2] -> [1, 2]
Average: Precision: 1.0   Recall: 0.6825397
Average F1: 0.8113208
RANKING PARTIZIONE: 60.0
****************************************
****************************************
[0] -> [0]
[25, 26, 27, 28, 29, 132, 133, 134, 135, 136, 137, 138, 139, 30, 31, 32, 76, 11, 33, 77, 12, 34, 13, 35, 16, 38, 17, 39, 18, 19, 180, 181, 182, 163, 164, 165, 3, 148, 106, 128, 8, 40] -> [137, 40]
[1, 2] -> [1, 2]
Average: Precision: 1.0   Recall: 0.6825397
Average F1: 0.8113208
RANKING PARTIZIONE: 60.0
****************************************
EXECUTION TIME: 884 seconds