Website: eataly Range: 6
****************************************
[0] -> [0]
[23, 45, 67, 25, 47, 27, 49, 29, 51, 31, 53, 11, 33, 55, 13, 57, 15, 59, 17, 39, 19, 5, 7, 9, 61, 41, 63, 21, 43, 65] -> [45, 23, 67, 47, 25, 49, 27, 29, 53, 31, 33, 11, 57, 13, 15, 59, 17, 39, 19, 5, 7, 9, 61, 41, 63, 65, 21]
[1, 34, 2, 35, 3, 36, 69] -> [35]
Average: Precision: 1.0   Recall: 0.68095237
Average F1: 0.8101983
RANKING PARTIZIONE: 90.0
****************************************
****************************************
[0] -> [0]
[23, 45, 67, 25, 47, 27, 49, 29, 51, 31, 53, 11, 33, 55, 13, 57, 15, 59, 17, 39, 19, 5, 7, 9, 61, 41, 63, 21, 43, 65] -> [45, 23, 67, 47, 25, 49, 27, 29, 53, 31, 33, 11, 57, 13, 15, 59, 17, 39, 19, 5, 7, 9, 61, 41, 63, 65, 21]
[1, 34, 2, 35, 3, 36, 69] -> [35]
Average: Precision: 1.0   Recall: 0.68095237
Average F1: 0.8101983
RANKING PARTIZIONE: 80.0
****************************************
****************************************
[0] -> [0]
[23, 45, 67, 25, 47, 27, 49, 29, 51, 31, 53, 11, 33, 55, 13, 57, 15, 59, 17, 39, 19, 5, 7, 9, 61, 41, 63, 21, 43, 65] -> [45, 23, 67, 47, 25, 49, 27, 29, 53, 31, 33, 11, 13, 15, 59, 17, 39, 19, 7, 9, 61, 41, 63, 65, 21]
[1, 34, 2, 35, 3, 36, 69] -> [1]
Average: Precision: 1.0   Recall: 0.65873015
Average F1: 0.79425836
RANKING PARTIZIONE: 30.0
****************************************
EXECUTION TIME: 424 seconds