Website: ecoFarma Range: 6
****************************************
[0] -> [0]
[60] -> [45, 23, 46, 25, 47, 51, 30, 53, 54, 10, 32, 11, 55, 12, 56, 57, 58, 36, 59, 16, 17, 100, 4, 5, 8, 9, 60, 40, 43]
[23, 45, 46, 25, 47, 51, 30, 53, 10, 32, 54, 11, 55, 12, 56, 57, 36, 58, 59, 16, 17, 100, 4, 5, 8, 9, 40, 43] -> [78, 85]
[99, 78, 89, 79, 92, 82, 93, 94, 84, 85, 86, 97, 76, 87, 98] -> [99, 92, 93, 82, 94, 84, 97, 86, 87, 98]
Average: Precision: 0.5086207   Recall: 0.6666667
Average F1: 0.57701707
RANKING PARTIZIONE: 750.0
****************************************
****************************************
[0] -> [0]
[60] -> [45, 23, 46, 25, 47, 51, 30, 53, 54, 10, 32, 11, 55, 12, 56, 57, 58, 36, 59, 16, 17, 100, 4, 5, 8, 9, 60, 40, 43]
[23, 45, 46, 25, 47, 51, 30, 53, 10, 32, 54, 11, 55, 12, 56, 57, 36, 58, 59, 16, 17, 100, 4, 5, 8, 9, 40, 43] -> [99, 78, 79, 93, 94, 97, 86, 87]
[99, 78, 89, 79, 92, 82, 93, 94, 84, 85, 86, 97, 76, 87, 98] -> [92, 82, 98]
Average: Precision: 0.5086207   Recall: 0.55
Average F1: 0.52850163
RANKING PARTIZIONE: 750.0
****************************************
****************************************
[0] -> [0]
[60] -> [45, 23, 46, 25, 47, 51, 30, 53, 54, 10, 32, 11, 55, 12, 56, 57, 58, 36, 59, 16, 17, 100, 4, 5, 8, 9, 60, 40, 43]
[23, 45, 46, 25, 47, 51, 30, 53, 10, 32, 54, 11, 55, 12, 56, 57, 36, 58, 59, 16, 17, 100, 4, 5, 8, 9, 40, 43] -> [82, 76]
[99, 78, 89, 79, 92, 82, 93, 94, 84, 85, 86, 97, 76, 87, 98] -> [99, 94, 86, 87, 98]
Average: Precision: 0.5086207   Recall: 0.5833333
Average F1: 0.54342103
RANKING PARTIZIONE: 740.0
****************************************
****************************************
[0] -> [0]
[60] -> [45, 23, 46, 25, 47, 51, 30, 53, 54, 10, 32, 11, 55, 12, 56, 57, 58, 36, 59, 16, 17, 100, 4, 5, 8, 9, 60, 40, 43]
[23, 45, 46, 25, 47, 51, 30, 53, 10, 32, 54, 11, 55, 12, 56, 57, 36, 58, 59, 16, 17, 100, 4, 5, 8, 9, 40, 43] -> [92, 82]
[99, 78, 89, 79, 92, 82, 93, 94, 84, 85, 86, 97, 76, 87, 98] -> [99, 94, 86, 87, 98]
Average: Precision: 0.5086207   Recall: 0.5833333
Average F1: 0.54342103
RANKING PARTIZIONE: 730.0
****************************************
EXECUTION TIME: 8604 seconds