Website: findus Range: 6
****************************************
[0] -> [0]
[12, 23, 13, 24, 14, 25, 16, 17, 3, 4, 5, 7, 8, 9, 31, 10, 21] -> [12, 23, 13, 24, 14, 25, 16, 3, 4, 5, 7, 8, 9, 31, 10]
[11, 33, 44, 34, 56, 59, 38, 49, 39, 40, 30, 41, 42, 54] -> [56, 38, 41, 42, 54]
[88, 90, 80, 91, 81, 92, 82, 83, 94, 95, 96, 86, 87] -> [88, 90, 91, 80, 92, 81, 82, 83, 94, 95, 96, 86, 87]
Average: Precision: 1.0   Recall: 0.80987394
Average F1: 0.8949507
RANKING PARTIZIONE: 110.0
****************************************
****************************************
[0] -> [0]
[12, 23, 13, 24, 14, 25, 16, 17, 3, 4, 5, 7, 8, 9, 31, 10, 21] -> [12, 23, 13, 24, 14, 25, 16, 3, 4, 5, 7, 8, 9, 31, 10]
[11, 33, 44, 34, 56, 59, 38, 49, 39, 40, 30, 41, 42, 54] -> [56, 38, 41, 42, 54]
[88, 90, 80, 91, 81, 92, 82, 83, 94, 95, 96, 86, 87] -> [92]
Average: Precision: 1.0   Recall: 0.5791047
Average F1: 0.7334596
RANKING PARTIZIONE: 110.0
****************************************
****************************************
[0] -> [0]
[12, 23, 13, 24, 14, 25, 16, 17, 3, 4, 5, 7, 8, 9, 31, 10, 21] -> [12, 23, 13, 24, 14, 25, 16, 3, 4, 5, 7, 8, 9, 31, 10]
[11, 33, 44, 34, 56, 59, 38, 49, 39, 40, 30, 41, 42, 54] -> [56, 38, 39, 41, 42, 54]
[88, 90, 80, 91, 81, 92, 82, 83, 94, 95, 96, 86, 87] -> [88, 90, 91, 80, 92, 81, 82, 83, 94, 95, 96, 86, 87]
Average: Precision: 1.0   Recall: 0.8277311
Average F1: 0.90574706
RANKING PARTIZIONE: 110.0
****************************************
****************************************
[0] -> [0]
[12, 23, 13, 24, 14, 25, 16, 17, 3, 4, 5, 7, 8, 9, 31, 10, 21] -> [12, 23, 13, 24, 14, 25, 16, 3, 4, 5, 7, 8, 9, 31, 10]
[11, 33, 44, 34, 56, 59, 38, 49, 39, 40, 30, 41, 42, 54] -> [11, 30]
[88, 90, 80, 91, 81, 92, 82, 83, 94, 95, 96, 86, 87] -> [88, 90, 91, 80, 92, 81, 82, 83, 94, 95, 96, 86, 87]
Average: Precision: 1.0   Recall: 0.75630254
Average F1: 0.861244
RANKING PARTIZIONE: 110.0
****************************************
****************************************
[0] -> [0]
[12, 23, 13, 24, 14, 25, 16, 17, 3, 4, 5, 7, 8, 9, 31, 10, 21] -> [12, 23, 13, 24, 14, 25, 16, 3, 4, 5, 7, 8, 9, 31, 10]
[11, 33, 44, 34, 56, 59, 38, 49, 39, 40, 30, 41, 42, 54] -> [56, 38, 39, 41, 42, 54]
[88, 90, 80, 91, 81, 92, 82, 83, 94, 95, 96, 86, 87] -> [92]
Average: Precision: 1.0   Recall: 0.59696186
Average F1: 0.74762195
RANKING PARTIZIONE: 110.0
****************************************
****************************************
[0] -> [0]
[12, 23, 13, 24, 14, 25, 16, 17, 3, 4, 5, 7, 8, 9, 31, 10, 21] -> [12, 23, 13, 24, 14, 25, 16, 3, 4, 5, 7, 8, 9, 31, 10]
[11, 33, 44, 34, 56, 59, 38, 49, 39, 40, 30, 41, 42, 54] -> [11, 30]
[88, 90, 80, 91, 81, 92, 82, 83, 94, 95, 96, 86, 87] -> [88, 90, 91, 80, 92, 81, 82, 83, 94, 95, 96, 86, 87]
Average: Precision: 1.0   Recall: 0.75630254
Average F1: 0.861244
RANKING PARTIZIONE: 110.0
****************************************
****************************************
[0] -> [0]
[12, 23, 13, 24, 14, 25, 16, 17, 3, 4, 5, 7, 8, 9, 31, 10, 21] -> [12, 23, 13, 24, 14, 25, 16, 3, 4, 5, 7, 8, 9, 31, 10]
[11, 33, 44, 34, 56, 59, 38, 49, 39, 40, 30, 41, 42, 54] -> [39, 42]
[88, 90, 80, 91, 81, 92, 82, 83, 94, 95, 96, 86, 87] -> [92]
Average: Precision: 1.0   Recall: 0.5255333
Average F1: 0.6889831
RANKING PARTIZIONE: 110.0
****************************************
****************************************
[0] -> [0]
[12, 23, 13, 24, 14, 25, 16, 17, 3, 4, 5, 7, 8, 9, 31, 10, 21] -> [23, 24, 3, 14, 25, 31]
[11, 33, 44, 34, 56, 59, 38, 49, 39, 40, 30, 41, 42, 54] -> [56, 38, 41, 42, 54]
[88, 90, 80, 91, 81, 92, 82, 83, 94, 95, 96, 86, 87] -> [88, 90, 91, 80, 92, 81, 82, 83, 94, 95, 96, 86, 87]
Average: Precision: 1.0   Recall: 0.677521
Average F1: 0.80776453
RANKING PARTIZIONE: 100.0
****************************************
****************************************
[0] -> [0]
[12, 23, 13, 24, 14, 25, 16, 17, 3, 4, 5, 7, 8, 9, 31, 10, 21] -> [23, 24, 3, 14, 25, 31]
[11, 33, 44, 34, 56, 59, 38, 49, 39, 40, 30, 41, 42, 54] -> [56, 38, 39, 41, 42, 54]
[88, 90, 80, 91, 81, 92, 82, 83, 94, 95, 96, 86, 87] -> [88, 90, 91, 80, 92, 81, 82, 83, 94, 95, 96, 86, 87]
Average: Precision: 1.0   Recall: 0.6953782
Average F1: 0.8203222
RANKING PARTIZIONE: 100.0
****************************************
****************************************
[0] -> [0]
[12, 23, 13, 24, 14, 25, 16, 17, 3, 4, 5, 7, 8, 9, 31, 10, 21] -> [24, 25, 5, 16, 7, 8, 9, 31, 21, 10]
[11, 33, 44, 34, 56, 59, 38, 49, 39, 40, 30, 41, 42, 54] -> [11, 30]
[88, 90, 80, 91, 81, 92, 82, 83, 94, 95, 96, 86, 87] -> [88, 90, 91, 80, 92, 81, 82, 83, 94, 95, 96, 86, 87]
Average: Precision: 1.0   Recall: 0.6827731
Average F1: 0.81148565
RANKING PARTIZIONE: 100.0
****************************************
****************************************
[0] -> [0]
[12, 23, 13, 24, 14, 25, 16, 17, 3, 4, 5, 7, 8, 9, 31, 10, 21] -> [24, 25, 5, 16, 7, 8, 9, 31, 21, 10]
[11, 33, 44, 34, 56, 59, 38, 49, 39, 40, 30, 41, 42, 54] -> [39, 42]
[88, 90, 80, 91, 81, 92, 82, 83, 94, 95, 96, 86, 87] -> [92]
Average: Precision: 1.0   Recall: 0.45200393
Average F1: 0.6225932
RANKING PARTIZIONE: 100.0
****************************************
****************************************
[0] -> [0]
[12, 23, 13, 24, 14, 25, 16, 17, 3, 4, 5, 7, 8, 9, 31, 10, 21] -> [24, 25, 5, 16, 7, 8, 9, 31, 21, 10]
[11, 33, 44, 34, 56, 59, 38, 49, 39, 40, 30, 41, 42, 54] -> [56, 38, 39, 41, 42, 54]
[88, 90, 80, 91, 81, 92, 82, 83, 94, 95, 96, 86, 87] -> [88, 90, 91, 80, 92, 81, 82, 83, 94, 95, 96, 86, 87]
Average: Precision: 1.0   Recall: 0.7542017
Average F1: 0.85988027
RANKING PARTIZIONE: 100.0
****************************************
****************************************
[0] -> [0]
[12, 23, 13, 24, 14, 25, 16, 17, 3, 4, 5, 7, 8, 9, 31, 10, 21] -> [24, 25, 5, 16, 7, 8, 9, 31, 21, 10]
[11, 33, 44, 34, 56, 59, 38, 49, 39, 40, 30, 41, 42, 54] -> [56, 38, 39, 41, 42, 54]
[88, 90, 80, 91, 81, 92, 82, 83, 94, 95, 96, 86, 87] -> [92]
Average: Precision: 1.0   Recall: 0.5234325
Average F1: 0.68717515
RANKING PARTIZIONE: 100.0
****************************************
****************************************
[0] -> [0]
[12, 23, 13, 24, 14, 25, 16, 17, 3, 4, 5, 7, 8, 9, 31, 10, 21] -> [24, 25, 5, 16, 7, 8, 9, 31, 21, 10]
[11, 33, 44, 34, 56, 59, 38, 49, 39, 40, 30, 41, 42, 54] -> [11, 30]
[88, 90, 80, 91, 81, 92, 82, 83, 94, 95, 96, 86, 87] -> [88, 90, 91, 80, 92, 81, 82, 83, 94, 95, 96, 86, 87]
Average: Precision: 1.0   Recall: 0.6827731
Average F1: 0.81148565
RANKING PARTIZIONE: 100.0
****************************************
****************************************
[0] -> [0]
[12, 23, 13, 24, 14, 25, 16, 17, 3, 4, 5, 7, 8, 9, 31, 10, 21] -> [24, 25, 5, 16, 7, 8, 9, 31, 21, 10]
[11, 33, 44, 34, 56, 59, 38, 49, 39, 40, 30, 41, 42, 54] -> [44, 42]
[88, 90, 80, 91, 81, 92, 82, 83, 94, 95, 96, 86, 87] -> [92]
Average: Precision: 1.0   Recall: 0.45200393
Average F1: 0.6225932
RANKING PARTIZIONE: 100.0
****************************************
****************************************
[0] -> [0]
[12, 23, 13, 24, 14, 25, 16, 17, 3, 4, 5, 7, 8, 9, 31, 10, 21] -> [24, 25, 5, 16, 7, 8, 9, 31, 21, 10]
[11, 33, 44, 34, 56, 59, 38, 49, 39, 40, 30, 41, 42, 54] -> [56, 38, 41, 42, 54]
[88, 90, 80, 91, 81, 92, 82, 83, 94, 95, 96, 86, 87] -> [88, 90, 91, 80, 92, 81, 82, 83, 94, 95, 96, 86, 87]
Average: Precision: 1.0   Recall: 0.7363446
Average F1: 0.8481549
RANKING PARTIZIONE: 100.0
****************************************
****************************************
[0] -> [0]
[12, 23, 13, 24, 14, 25, 16, 17, 3, 4, 5, 7, 8, 9, 31, 10, 21] -> [24, 25, 5, 16, 7, 8, 9, 31, 21, 10]
[11, 33, 44, 34, 56, 59, 38, 49, 39, 40, 30, 41, 42, 54] -> [56, 38, 41, 42, 54]
[88, 90, 80, 91, 81, 92, 82, 83, 94, 95, 96, 86, 87] -> [92]
Average: Precision: 1.0   Recall: 0.50557536
Average F1: 0.67160416
RANKING PARTIZIONE: 100.0
****************************************
****************************************
[0] -> [0]
[12, 23, 13, 24, 14, 25, 16, 17, 3, 4, 5, 7, 8, 9, 31, 10, 21] -> [24, 25, 5, 16, 7, 8, 9, 31, 21, 10]
[11, 33, 44, 34, 56, 59, 38, 49, 39, 40, 30, 41, 42, 54] -> [11, 30]
[88, 90, 80, 91, 81, 92, 82, 83, 94, 95, 96, 86, 87] -> [92]
Average: Precision: 1.0   Recall: 0.45200393
Average F1: 0.6225932
RANKING PARTIZIONE: 100.0
****************************************
****************************************
[0] -> [0]
[12, 23, 13, 24, 14, 25, 16, 17, 3, 4, 5, 7, 8, 9, 31, 10, 21] -> [12, 23, 13, 24, 14, 25, 16, 3, 4, 5, 7, 8, 9, 31, 10]
[11, 33, 44, 34, 56, 59, 38, 49, 39, 40, 30, 41, 42, 54] -> [11, 30]
[88, 90, 80, 91, 81, 92, 82, 83, 94, 95, 96, 86, 87] -> [88, 90, 91, 80, 92, 81, 82, 83, 94, 95, 96, 86, 87]
Average: Precision: 1.0   Recall: 0.75630254
Average F1: 0.861244
RANKING PARTIZIONE: 100.0
****************************************
****************************************
[0] -> [0]
[12, 23, 13, 24, 14, 25, 16, 17, 3, 4, 5, 7, 8, 9, 31, 10, 21] -> [12, 23, 13, 24, 14, 25, 16, 3, 4, 5, 7, 8, 9, 31, 10]
[11, 33, 44, 34, 56, 59, 38, 49, 39, 40, 30, 41, 42, 54] -> [44, 42]
[88, 90, 80, 91, 81, 92, 82, 83, 94, 95, 96, 86, 87] -> [92]
Average: Precision: 1.0   Recall: 0.5255333
Average F1: 0.6889831
RANKING PARTIZIONE: 100.0
****************************************
****************************************
[0] -> [0]
[12, 23, 13, 24, 14, 25, 16, 17, 3, 4, 5, 7, 8, 9, 31, 10, 21] -> [12, 23, 13, 24, 14, 25, 16, 3, 4, 5, 7, 8, 9, 31, 10]
[11, 33, 44, 34, 56, 59, 38, 49, 39, 40, 30, 41, 42, 54] -> [11, 30]
[88, 90, 80, 91, 81, 92, 82, 83, 94, 95, 96, 86, 87] -> [92]
Average: Precision: 1.0   Recall: 0.5255333
Average F1: 0.6889831
RANKING PARTIZIONE: 100.0
****************************************
****************************************
[0] -> [0]
[12, 23, 13, 24, 14, 25, 16, 17, 3, 4, 5, 7, 8, 9, 31, 10, 21] -> [23, 24, 3, 14, 25, 31]
[11, 33, 44, 34, 56, 59, 38, 49, 39, 40, 30, 41, 42, 54] -> [11, 30]
[88, 90, 80, 91, 81, 92, 82, 83, 94, 95, 96, 86, 87] -> [88, 90, 91, 80, 92, 81, 82, 83, 94, 95, 96, 86, 87]
Average: Precision: 1.0   Recall: 0.6239496
Average F1: 0.7684347
RANKING PARTIZIONE: 100.0
****************************************
****************************************
[0] -> [0]
[12, 23, 13, 24, 14, 25, 16, 17, 3, 4, 5, 7, 8, 9, 31, 10, 21] -> [12, 23, 13, 24, 14, 25, 16, 3, 4, 5, 7, 8, 9, 31, 10]
[11, 33, 44, 34, 56, 59, 38, 49, 39, 40, 30, 41, 42, 54] -> [39, 42]
[88, 90, 80, 91, 81, 92, 82, 83, 94, 95, 96, 86, 87] -> [88, 90, 91, 80, 92, 81, 82, 83, 94, 95, 96, 86, 87]
Average: Precision: 1.0   Recall: 0.75630254
Average F1: 0.861244
RANKING PARTIZIONE: 90.0
****************************************
****************************************
[0] -> [0]
[12, 23, 13, 24, 14, 25, 16, 17, 3, 4, 5, 7, 8, 9, 31, 10, 21] -> [12, 23, 13, 24, 14, 25, 16, 3, 4, 5, 7, 8, 9, 31, 10]
[11, 33, 44, 34, 56, 59, 38, 49, 39, 40, 30, 41, 42, 54] -> [39, 42]
[88, 90, 80, 91, 81, 92, 82, 83, 94, 95, 96, 86, 87] -> [92]
Average: Precision: 1.0   Recall: 0.5255333
Average F1: 0.6889831
RANKING PARTIZIONE: 90.0
****************************************
****************************************
[0] -> [0]
[12, 23, 13, 24, 14, 25, 16, 17, 3, 4, 5, 7, 8, 9, 31, 10, 21] -> [4, 7, 8, 9, 10]
[11, 33, 44, 34, 56, 59, 38, 49, 39, 40, 30, 41, 42, 54] -> [56, 38, 41, 42, 54]
[88, 90, 80, 91, 81, 92, 82, 83, 94, 95, 96, 86, 87] -> [88, 90, 91, 80, 92, 81, 82, 83, 94, 95, 96, 86, 87]
Average: Precision: 1.0   Recall: 0.66281515
Average F1: 0.7972205
RANKING PARTIZIONE: 90.0
****************************************
****************************************
[0] -> [0]
[12, 23, 13, 24, 14, 25, 16, 17, 3, 4, 5, 7, 8, 9, 31, 10, 21] -> [4, 7, 8, 9, 10]
[11, 33, 44, 34, 56, 59, 38, 49, 39, 40, 30, 41, 42, 54] -> [56, 38, 39, 41, 42, 54]
[88, 90, 80, 91, 81, 92, 82, 83, 94, 95, 96, 86, 87] -> [88, 90, 91, 80, 92, 81, 82, 83, 94, 95, 96, 86, 87]
Average: Precision: 1.0   Recall: 0.6806723
Average F1: 0.81
RANKING PARTIZIONE: 90.0
****************************************
****************************************
[0] -> [0]
[12, 23, 13, 24, 14, 25, 16, 17, 3, 4, 5, 7, 8, 9, 31, 10, 21] -> [12, 23, 13, 24, 14, 25, 16, 3, 4, 5, 7, 8, 9, 31, 10]
[11, 33, 44, 34, 56, 59, 38, 49, 39, 40, 30, 41, 42, 54] -> [56, 38, 41, 42, 54]
[88, 90, 80, 91, 81, 92, 82, 83, 94, 95, 96, 86, 87] -> [88, 90, 91, 80, 92, 81, 82, 83, 94, 95, 96, 86, 87]
Average: Precision: 1.0   Recall: 0.80987394
Average F1: 0.8949507
RANKING PARTIZIONE: 90.0
****************************************
****************************************
[0] -> [0]
[12, 23, 13, 24, 14, 25, 16, 17, 3, 4, 5, 7, 8, 9, 31, 10, 21] -> [12, 23, 13, 24, 14, 25, 16, 3, 4, 5, 7, 8, 9, 31, 10]
[11, 33, 44, 34, 56, 59, 38, 49, 39, 40, 30, 41, 42, 54] -> [56, 38, 41, 42, 54]
[88, 90, 80, 91, 81, 92, 82, 83, 94, 95, 96, 86, 87] -> [92]
Average: Precision: 1.0   Recall: 0.5791047
Average F1: 0.7334596
RANKING PARTIZIONE: 90.0
****************************************
****************************************
[0] -> [0]
[12, 23, 13, 24, 14, 25, 16, 17, 3, 4, 5, 7, 8, 9, 31, 10, 21] -> [23, 24, 3, 14, 25, 31]
[11, 33, 44, 34, 56, 59, 38, 49, 39, 40, 30, 41, 42, 54] -> [11, 30]
[88, 90, 80, 91, 81, 92, 82, 83, 94, 95, 96, 86, 87] -> [88, 90, 91, 80, 92, 81, 82, 83, 94, 95, 96, 86, 87]
Average: Precision: 1.0   Recall: 0.6239496
Average F1: 0.7684347
RANKING PARTIZIONE: 90.0
****************************************
****************************************
[0] -> [0]
[12, 23, 13, 24, 14, 25, 16, 17, 3, 4, 5, 7, 8, 9, 31, 10, 21] -> [23, 24, 3, 14, 25, 31]
[11, 33, 44, 34, 56, 59, 38, 49, 39, 40, 30, 41, 42, 54] -> [11, 30]
[88, 90, 80, 91, 81, 92, 82, 83, 94, 95, 96, 86, 87] -> [88, 90, 91, 80, 92, 81, 82, 83, 94, 95, 96, 86, 87]
Average: Precision: 1.0   Recall: 0.6239496
Average F1: 0.7684347
RANKING PARTIZIONE: 90.0
****************************************
****************************************
[0] -> [0]
[12, 23, 13, 24, 14, 25, 16, 17, 3, 4, 5, 7, 8, 9, 31, 10, 21] -> [24, 25, 5, 16, 7, 8, 9, 31, 21, 10]
[11, 33, 44, 34, 56, 59, 38, 49, 39, 40, 30, 41, 42, 54] -> [11, 30]
[88, 90, 80, 91, 81, 92, 82, 83, 94, 95, 96, 86, 87] -> [88, 90, 91, 80, 92, 81, 82, 83, 94, 95, 96, 86, 87]
Average: Precision: 1.0   Recall: 0.6827731
Average F1: 0.81148565
RANKING PARTIZIONE: 90.0
****************************************
****************************************
[0] -> [0]
[12, 23, 13, 24, 14, 25, 16, 17, 3, 4, 5, 7, 8, 9, 31, 10, 21] -> [12, 23, 13, 24, 14, 25, 16, 3, 4, 5, 7, 8, 9, 31, 10]
[11, 33, 44, 34, 56, 59, 38, 49, 39, 40, 30, 41, 42, 54] -> [56, 38, 39, 41, 42, 54]
[88, 90, 80, 91, 81, 92, 82, 83, 94, 95, 96, 86, 87] -> [88, 90, 91, 80, 92, 81, 82, 83, 94, 95, 96, 86, 87]
Average: Precision: 1.0   Recall: 0.8277311
Average F1: 0.90574706
RANKING PARTIZIONE: 90.0
****************************************
****************************************
[0] -> [0]
[12, 23, 13, 24, 14, 25, 16, 17, 3, 4, 5, 7, 8, 9, 31, 10, 21] -> [12, 23, 13, 24, 14, 25, 16, 3, 4, 5, 7, 8, 9, 31, 10]
[11, 33, 44, 34, 56, 59, 38, 49, 39, 40, 30, 41, 42, 54] -> [44, 42]
[88, 90, 80, 91, 81, 92, 82, 83, 94, 95, 96, 86, 87] -> [88, 90, 91, 80, 92, 81, 82, 83, 94, 95, 96, 86, 87]
Average: Precision: 1.0   Recall: 0.75630254
Average F1: 0.861244
RANKING PARTIZIONE: 90.0
****************************************
****************************************
[0] -> [0]
[12, 23, 13, 24, 14, 25, 16, 17, 3, 4, 5, 7, 8, 9, 31, 10, 21] -> [12, 23, 13, 24, 14, 25, 16, 3, 4, 5, 7, 8, 9, 31, 10]
[11, 33, 44, 34, 56, 59, 38, 49, 39, 40, 30, 41, 42, 54] -> [59]
[88, 90, 80, 91, 81, 92, 82, 83, 94, 95, 96, 86, 87] -> [88, 90, 91, 80, 92, 81, 82, 83, 94, 95, 96, 86, 87]
Average: Precision: 1.0   Recall: 0.7384454
Average F1: 0.84954685
RANKING PARTIZIONE: 90.0
****************************************
****************************************
[0] -> [0]
[12, 23, 13, 24, 14, 25, 16, 17, 3, 4, 5, 7, 8, 9, 31, 10, 21] -> [4, 7, 8, 9, 10]
[11, 33, 44, 34, 56, 59, 38, 49, 39, 40, 30, 41, 42, 54] -> [56, 38, 39, 41, 42, 54]
[88, 90, 80, 91, 81, 92, 82, 83, 94, 95, 96, 86, 87] -> [88, 90, 91, 80, 92, 81, 82, 83, 94, 95, 96, 86, 87]
Average: Precision: 1.0   Recall: 0.6806723
Average F1: 0.81
RANKING PARTIZIONE: 90.0
****************************************
****************************************
[0] -> [0]
[12, 23, 13, 24, 14, 25, 16, 17, 3, 4, 5, 7, 8, 9, 31, 10, 21] -> [12, 23, 13, 24, 14, 25, 16, 3, 4, 5, 7, 8, 9, 31, 10]
[11, 33, 44, 34, 56, 59, 38, 49, 39, 40, 30, 41, 42, 54] -> [56, 38, 39, 41, 42, 54]
[88, 90, 80, 91, 81, 92, 82, 83, 94, 95, 96, 86, 87] -> [92]
Average: Precision: 1.0   Recall: 0.59696186
Average F1: 0.74762195
RANKING PARTIZIONE: 90.0
****************************************
****************************************
[0] -> [0]
[12, 23, 13, 24, 14, 25, 16, 17, 3, 4, 5, 7, 8, 9, 31, 10, 21] -> [12, 23, 13, 24, 14, 25, 16, 3, 4, 5, 7, 8, 9, 31, 10]
[11, 33, 44, 34, 56, 59, 38, 49, 39, 40, 30, 41, 42, 54] -> [44, 42]
[88, 90, 80, 91, 81, 92, 82, 83, 94, 95, 96, 86, 87] -> [92]
Average: Precision: 1.0   Recall: 0.5255333
Average F1: 0.6889831
RANKING PARTIZIONE: 90.0
****************************************
EXECUTION TIME: 480 seconds