Website: giornaleDiSondrio Range: 6
****************************************
[0] -> [0]
[3, 4, 5, 6] -> [5]
[22, 44, 23, 45, 24, 46, 25, 47, 26, 48, 27, 49, 28, 29, 51, 30, 52, 31, 53, 10, 32, 54, 11, 33, 55, 12, 34, 56, 13, 35, 57, 14, 36, 58, 15, 37, 16, 38, 17, 39, 18, 19, 40, 41, 20, 42, 21, 43] -> [22, 23, 24, 46, 47, 25, 26, 48, 27, 49, 28, 29, 30, 31, 32, 10, 11, 55, 56, 12, 13, 35, 14, 36, 15, 37, 38, 39, 17, 18, 19, 40, 41, 20, 42, 21, 43]
Average: Precision: 1.0   Recall: 0.6736111
Average F1: 0.8049792
RANKING PARTIZIONE: 170.0
****************************************
****************************************
[0] -> [0]
[3, 4, 5, 6] -> [3, 4, 5, 6]
[22, 44, 23, 45, 24, 46, 25, 47, 26, 48, 27, 49, 28, 29, 51, 30, 52, 31, 53, 10, 32, 54, 11, 33, 55, 12, 34, 56, 13, 35, 57, 14, 36, 58, 15, 37, 16, 38, 17, 39, 18, 19, 40, 41, 20, 42, 21, 43] -> [22, 44, 45, 23, 46, 25, 48, 27, 49, 28, 29, 51, 52, 31, 53, 32, 54, 11, 33, 55, 56, 12, 34, 57, 14, 36, 58, 15, 16, 39, 17, 19, 41, 20, 42, 21]
Average: Precision: 1.0   Recall: 0.9166667
Average F1: 0.95652175
RANKING PARTIZIONE: 160.0
****************************************
****************************************
[0] -> [0]
[3, 4, 5, 6] -> [3, 4, 5, 6]
[22, 44, 23, 45, 24, 46, 25, 47, 26, 48, 27, 49, 28, 29, 51, 30, 52, 31, 53, 10, 32, 54, 11, 33, 55, 12, 34, 56, 13, 35, 57, 14, 36, 58, 15, 37, 16, 38, 17, 39, 18, 19, 40, 41, 20, 42, 21, 43] -> [22, 23, 24, 46, 47, 25, 26, 48, 27, 49, 28, 29, 30, 31, 32, 10, 11, 55, 56, 12, 13, 35, 14, 36, 15, 37, 38, 39, 17, 18, 19, 40, 41, 20, 42, 21, 43]
Average: Precision: 1.0   Recall: 0.9236111
Average F1: 0.96028876
RANKING PARTIZIONE: 160.0
****************************************
****************************************
[0] -> [0]
[3, 4, 5, 6] -> [3, 4, 5, 6]
[22, 44, 23, 45, 24, 46, 25, 47, 26, 48, 27, 49, 28, 29, 51, 30, 52, 31, 53, 10, 32, 54, 11, 33, 55, 12, 34, 56, 13, 35, 57, 14, 36, 58, 15, 37, 16, 38, 17, 39, 18, 19, 40, 41, 20, 42, 21, 43] -> [22, 44, 45, 23, 46, 25, 48, 27, 49, 28, 29, 51, 52, 31, 53, 32, 54, 11, 33, 55, 56, 12, 34, 57, 14, 36, 58, 15, 16, 39, 17, 19, 41, 20, 42, 21]
Average: Precision: 1.0   Recall: 0.9166667
Average F1: 0.95652175
RANKING PARTIZIONE: 150.0
****************************************
EXECUTION TIME: 450 seconds