Website: ilGiornaleDiRieti Range: 6
****************************************
[0] -> [0]
[33, 34, 35, 36, 37, 38, 28, 29, 30, 31, 32] -> [22, 23, 24, 25, 26, 27, 28, 29, 30, 31, 10, 32, 33, 11, 34, 13, 35, 36, 14, 15, 37, 16, 38, 17, 18, 19, 1, 2, 3, 4, 5, 6, 7, 8, 9, 20, 21]
[22, 23, 24, 25, 26, 27, 10, 11, 12, 13, 14, 15, 16, 17, 18, 19, 1, 2, 3, 4, 5, 6, 7, 8, 9, 20, 21] -> [12]
Average: Precision: 0.7657657   Recall: 0.67901236
Average F1: 0.71978444
RANKING PARTIZIONE: 150.0
****************************************
****************************************
[0] -> [0]
[33, 34, 35, 36, 37, 38, 28, 29, 30, 31, 32] -> [33, 34, 35, 36, 37, 38, 28, 29, 30, 31, 32]
[22, 23, 24, 25, 26, 27, 10, 11, 12, 13, 14, 15, 16, 17, 18, 19, 1, 2, 3, 4, 5, 6, 7, 8, 9, 20, 21] -> [22, 23, 24, 25, 26, 27, 10, 11, 12, 13, 14, 15, 16, 17, 18, 19, 1, 2, 3, 4, 5, 6, 7, 8, 9, 20, 21]
Average: Precision: 1.0   Recall: 1.0
Average F1: 1.0
RANKING PARTIZIONE: 100.0
****************************************
****************************************
[0] -> [0]
[33, 34, 35, 36, 37, 38, 28, 29, 30, 31, 32] -> [33, 34, 35, 36, 37, 38, 28, 29, 30, 31, 32]
[22, 23, 24, 25, 26, 27, 10, 11, 12, 13, 14, 15, 16, 17, 18, 19, 1, 2, 3, 4, 5, 6, 7, 8, 9, 20, 21] -> [22, 23, 24, 25, 26, 27, 10, 11, 13, 14, 15, 16, 17, 18, 19, 1, 2, 3, 4, 5, 6, 7, 8, 9, 20, 21]
Average: Precision: 1.0   Recall: 0.9876544
Average F1: 0.99378884
RANKING PARTIZIONE: 80.0
****************************************
EXECUTION TIME: 167 seconds