Website: ilMattinoDiFoggia Range: 6
****************************************
[0] -> [0]
[1, 2, 3, 4, 5, 6] -> [1, 2, 5, 6]
[22, 23, 24, 25, 26, 27, 28, 29, 30, 31, 10, 32, 11, 33, 12, 34, 13, 14, 15, 16, 17, 18, 19, 7, 8, 9, 20, 21] -> [22, 23, 24, 25, 26, 27, 28, 29, 30, 31, 10, 32, 11, 33, 12, 34, 13, 14, 15, 16, 17, 18, 19, 7, 8, 9, 20, 21]
Average: Precision: 1.0   Recall: 0.8888889
Average F1: 0.94117653
RANKING PARTIZIONE: 170.0
****************************************
****************************************
[0] -> [0]
[1, 2, 3, 4, 5, 6] -> [3, 4]
[22, 23, 24, 25, 26, 27, 28, 29, 30, 31, 10, 32, 11, 33, 12, 34, 13, 14, 15, 16, 17, 18, 19, 7, 8, 9, 20, 21] -> [22, 23, 24, 25, 26, 27, 28, 29, 30, 31, 10, 32, 11, 33, 12, 34, 13, 14, 15, 16, 17, 18, 19, 7, 8, 9, 20, 21]
Average: Precision: 1.0   Recall: 0.77777785
Average F1: 0.875
RANKING PARTIZIONE: 120.0
****************************************
****************************************
[0] -> [0, 1, 23, 25, 27, 5, 17, 6, 19, 9, 10, 21]
[1, 2, 3, 4, 5, 6] -> [33, 11, 22, 12, 34, 13, 24, 14, 15, 26, 28, 18, 29, 2, 3, 4, 7, 30, 20, 31, 32]
[22, 23, 24, 25, 26, 27, 28, 29, 30, 31, 10, 32, 11, 33, 12, 34, 13, 14, 15, 16, 17, 18, 19, 7, 8, 9, 20, 21] -> [16, 8]
Average: Precision: 0.40873015   Recall: 0.5238095
Average F1: 0.45916918
RANKING PARTIZIONE: 90.0
****************************************
****************************************
[0] -> [0, 1, 23, 25, 27, 5, 17, 6, 19, 9, 10, 21]
[1, 2, 3, 4, 5, 6] -> [3, 4]
[22, 23, 24, 25, 26, 27, 28, 29, 30, 31, 10, 32, 11, 33, 12, 34, 13, 14, 15, 16, 17, 18, 19, 7, 8, 9, 20, 21] -> [33, 11, 22, 12, 34, 13, 24, 14, 15, 26, 28, 18, 29, 7, 30, 20, 31, 32]
Average: Precision: 0.6944445   Recall: 0.6587302
Average F1: 0.67611605
RANKING PARTIZIONE: 90.0
****************************************
EXECUTION TIME: 717 seconds