Website: krone Range: 6
****************************************
[0] -> [0]
[156] -> [156]
[45, 89, 24, 49, 28, 170, 174, 153, 154, 134, 113, 71, 50, 94, 10, 32, 33, 99, 34, 13, 57, 59, 38, 18, 182, 140, 163, 121, 100, 123, 167, 3, 102, 146, 168, 4, 169, 82, 84, 41, 20, 86, 21] -> [45, 89, 24, 49, 28, 170, 174, 113, 71, 94, 50, 32, 10, 99, 33, 34, 13, 57, 59, 38, 18, 182, 163, 121, 100, 167, 123, 168, 146, 3, 102, 4, 169, 82, 84, 41, 20, 86, 21]
Average: Precision: 1.0   Recall: 0.96899223
Average F1: 0.984252
RANKING PARTIZIONE: 130.0
****************************************
****************************************
[0] -> [0]
[156] -> [156]
[45, 89, 24, 49, 28, 170, 174, 153, 154, 134, 113, 71, 50, 94, 10, 32, 33, 99, 34, 13, 57, 59, 38, 18, 182, 140, 163, 121, 100, 123, 167, 3, 102, 146, 168, 4, 169, 82, 84, 41, 20, 86, 21] -> [45, 89, 24, 49, 28, 170, 174, 113, 94, 50, 32, 10, 33, 34, 13, 57, 59, 38, 18, 163, 121, 167, 123, 168, 146, 3, 102, 4, 169, 82, 84, 41, 20, 86, 21]
Average: Precision: 1.0   Recall: 0.93798447
Average F1: 0.968
RANKING PARTIZIONE: 110.0
****************************************
****************************************
[0] -> [0]
[156] -> [156]
[45, 89, 24, 49, 28, 170, 174, 153, 154, 134, 113, 71, 50, 94, 10, 32, 33, 99, 34, 13, 57, 59, 38, 18, 182, 140, 163, 121, 100, 123, 167, 3, 102, 146, 168, 4, 169, 82, 84, 41, 20, 86, 21] -> [33, 34, 24, 168, 4, 169, 28, 170]
Average: Precision: 1.0   Recall: 0.7286822
Average F1: 0.84304935
RANKING PARTIZIONE: 110.0
****************************************
****************************************
[0] -> [0]
[156] -> [156]
[45, 89, 24, 49, 28, 170, 174, 153, 154, 134, 113, 71, 50, 94, 10, 32, 33, 99, 34, 13, 57, 59, 38, 18, 182, 140, 163, 121, 100, 123, 167, 3, 102, 146, 168, 4, 169, 82, 84, 41, 20, 86, 21] -> [33, 34, 24, 168, 4, 169, 28, 170]
Average: Precision: 1.0   Recall: 0.7286822
Average F1: 0.84304935
RANKING PARTIZIONE: 110.0
****************************************
****************************************
[0] -> [0]
[156] -> [156]
[45, 89, 24, 49, 28, 170, 174, 153, 154, 134, 113, 71, 50, 94, 10, 32, 33, 99, 34, 13, 57, 59, 38, 18, 182, 140, 163, 121, 100, 123, 167, 3, 102, 146, 168, 4, 169, 82, 84, 41, 20, 86, 21] -> [49, 50, 41]
Average: Precision: 1.0   Recall: 0.6899225
Average F1: 0.8165138
RANKING PARTIZIONE: 110.0
****************************************
****************************************
[0] -> [0]
[156] -> [156]
[45, 89, 24, 49, 28, 170, 174, 153, 154, 134, 113, 71, 50, 94, 10, 32, 33, 99, 34, 13, 57, 59, 38, 18, 182, 140, 163, 121, 100, 123, 167, 3, 102, 146, 168, 4, 169, 82, 84, 41, 20, 86, 21] -> [33, 34, 24, 168, 169, 28, 170]
Average: Precision: 1.0   Recall: 0.7209303
Average F1: 0.8378378
RANKING PARTIZIONE: 110.0
****************************************
****************************************
[0] -> [0]
[156] -> [156]
[45, 89, 24, 49, 28, 170, 174, 153, 154, 134, 113, 71, 50, 94, 10, 32, 33, 99, 34, 13, 57, 59, 38, 18, 182, 140, 163, 121, 100, 123, 167, 3, 102, 146, 168, 4, 169, 82, 84, 41, 20, 86, 21] -> [33, 34, 24, 168, 4, 169, 28, 170]
Average: Precision: 1.0   Recall: 0.7286822
Average F1: 0.84304935
RANKING PARTIZIONE: 110.0
****************************************
****************************************
[0] -> [0]
[156] -> [156]
[45, 89, 24, 49, 28, 170, 174, 153, 154, 134, 113, 71, 50, 94, 10, 32, 33, 99, 34, 13, 57, 59, 38, 18, 182, 140, 163, 121, 100, 123, 167, 3, 102, 146, 168, 4, 169, 82, 84, 41, 20, 86, 21] -> [49, 50, 41]
Average: Precision: 1.0   Recall: 0.6899225
Average F1: 0.8165138
RANKING PARTIZIONE: 110.0
****************************************
****************************************
[0] -> [0]
[156] -> [156]
[45, 89, 24, 49, 28, 170, 174, 153, 154, 134, 113, 71, 50, 94, 10, 32, 33, 99, 34, 13, 57, 59, 38, 18, 182, 140, 163, 121, 100, 123, 167, 3, 102, 146, 168, 4, 169, 82, 84, 41, 20, 86, 21] -> [45, 89, 24, 49, 28, 170, 174, 113, 94, 50, 32, 10, 33, 34, 13, 57, 59, 38, 18, 163, 121, 167, 123, 168, 146, 3, 102, 4, 169, 82, 84, 41, 20, 86, 21]
Average: Precision: 1.0   Recall: 0.93798447
Average F1: 0.968
RANKING PARTIZIONE: 110.0
****************************************
****************************************
[0] -> [0]
[156] -> [156]
[45, 89, 24, 49, 28, 170, 174, 153, 154, 134, 113, 71, 50, 94, 10, 32, 33, 99, 34, 13, 57, 59, 38, 18, 182, 140, 163, 121, 100, 123, 167, 3, 102, 146, 168, 4, 169, 82, 84, 41, 20, 86, 21] -> [49, 50, 41]
Average: Precision: 1.0   Recall: 0.6899225
Average F1: 0.8165138
RANKING PARTIZIONE: 110.0
****************************************
****************************************
[0] -> [0]
[156] -> [156]
[45, 89, 24, 49, 28, 170, 174, 153, 154, 134, 113, 71, 50, 94, 10, 32, 33, 99, 34, 13, 57, 59, 38, 18, 182, 140, 163, 121, 100, 123, 167, 3, 102, 146, 168, 4, 169, 82, 84, 41, 20, 86, 21] -> [33, 34, 24, 168, 169, 28, 170]
Average: Precision: 1.0   Recall: 0.7209303
Average F1: 0.8378378
RANKING PARTIZIONE: 100.0
****************************************
****************************************
[0] -> [0]
[156] -> [156]
[45, 89, 24, 49, 28, 170, 174, 153, 154, 134, 113, 71, 50, 94, 10, 32, 33, 99, 34, 13, 57, 59, 38, 18, 182, 140, 163, 121, 100, 123, 167, 3, 102, 146, 168, 4, 169, 82, 84, 41, 20, 86, 21] -> [49, 50, 41]
Average: Precision: 1.0   Recall: 0.6899225
Average F1: 0.8165138
RANKING PARTIZIONE: 100.0
****************************************
****************************************
[0] -> [0]
[156] -> [156]
[45, 89, 24, 49, 28, 170, 174, 153, 154, 134, 113, 71, 50, 94, 10, 32, 33, 99, 34, 13, 57, 59, 38, 18, 182, 140, 163, 121, 100, 123, 167, 3, 102, 146, 168, 4, 169, 82, 84, 41, 20, 86, 21] -> [49, 50, 41]
Average: Precision: 1.0   Recall: 0.6899225
Average F1: 0.8165138
RANKING PARTIZIONE: 100.0
****************************************
****************************************
[0] -> [0]
[156] -> [156]
[45, 89, 24, 49, 28, 170, 174, 153, 154, 134, 113, 71, 50, 94, 10, 32, 33, 99, 34, 13, 57, 59, 38, 18, 182, 140, 163, 121, 100, 123, 167, 3, 102, 146, 168, 4, 169, 82, 84, 41, 20, 86, 21] -> [33, 34, 24, 168, 169, 28, 170]
Average: Precision: 1.0   Recall: 0.7209303
Average F1: 0.8378378
RANKING PARTIZIONE: 100.0
****************************************
****************************************
[0] -> [0]
[156] -> [156]
[45, 89, 24, 49, 28, 170, 174, 153, 154, 134, 113, 71, 50, 94, 10, 32, 33, 99, 34, 13, 57, 59, 38, 18, 182, 140, 163, 121, 100, 123, 167, 3, 102, 146, 168, 4, 169, 82, 84, 41, 20, 86, 21] -> [33, 34, 24, 168, 169, 28, 170]
Average: Precision: 1.0   Recall: 0.7209303
Average F1: 0.8378378
RANKING PARTIZIONE: 100.0
****************************************
****************************************
[0] -> [0]
[156] -> [156]
[45, 89, 24, 49, 28, 170, 174, 153, 154, 134, 113, 71, 50, 94, 10, 32, 33, 99, 34, 13, 57, 59, 38, 18, 182, 140, 163, 121, 100, 123, 167, 3, 102, 146, 168, 4, 169, 82, 84, 41, 20, 86, 21] -> [33, 34, 24, 168, 169, 28, 170]
Average: Precision: 1.0   Recall: 0.7209303
Average F1: 0.8378378
RANKING PARTIZIONE: 100.0
****************************************
****************************************
[0] -> [0]
[156] -> [156]
[45, 89, 24, 49, 28, 170, 174, 153, 154, 134, 113, 71, 50, 94, 10, 32, 33, 99, 34, 13, 57, 59, 38, 18, 182, 140, 163, 121, 100, 123, 167, 3, 102, 146, 168, 4, 169, 82, 84, 41, 20, 86, 21] -> [33, 34, 24, 168, 4, 169, 28, 170]
Average: Precision: 1.0   Recall: 0.7286822
Average F1: 0.84304935
RANKING PARTIZIONE: 100.0
****************************************
****************************************
[0] -> [0]
[156] -> [156]
[45, 89, 24, 49, 28, 170, 174, 153, 154, 134, 113, 71, 50, 94, 10, 32, 33, 99, 34, 13, 57, 59, 38, 18, 182, 140, 163, 121, 100, 123, 167, 3, 102, 146, 168, 4, 169, 82, 84, 41, 20, 86, 21] -> [33, 34, 24, 168, 169, 28, 170]
Average: Precision: 1.0   Recall: 0.7209303
Average F1: 0.8378378
RANKING PARTIZIONE: 100.0
****************************************
****************************************
[0] -> [0]
[156] -> [156]
[45, 89, 24, 49, 28, 170, 174, 153, 154, 134, 113, 71, 50, 94, 10, 32, 33, 99, 34, 13, 57, 59, 38, 18, 182, 140, 163, 121, 100, 123, 167, 3, 102, 146, 168, 4, 169, 82, 84, 41, 20, 86, 21] -> [49, 50, 41]
Average: Precision: 1.0   Recall: 0.6899225
Average F1: 0.8165138
RANKING PARTIZIONE: 100.0
****************************************
****************************************
[0] -> [0]
[156] -> [156]
[45, 89, 24, 49, 28, 170, 174, 153, 154, 134, 113, 71, 50, 94, 10, 32, 33, 99, 34, 13, 57, 59, 38, 18, 182, 140, 163, 121, 100, 123, 167, 3, 102, 146, 168, 4, 169, 82, 84, 41, 20, 86, 21] -> [33, 34, 24, 168, 4, 169, 28, 170]
Average: Precision: 1.0   Recall: 0.7286822
Average F1: 0.84304935
RANKING PARTIZIONE: 100.0
****************************************
****************************************
[0] -> [0]
[156] -> [156]
[45, 89, 24, 49, 28, 170, 174, 153, 154, 134, 113, 71, 50, 94, 10, 32, 33, 99, 34, 13, 57, 59, 38, 18, 182, 140, 163, 121, 100, 123, 167, 3, 102, 146, 168, 4, 169, 82, 84, 41, 20, 86, 21] -> [49, 50, 41]
Average: Precision: 1.0   Recall: 0.6899225
Average F1: 0.8165138
RANKING PARTIZIONE: 100.0
****************************************
****************************************
[0] -> [0]
[156] -> [156]
[45, 89, 24, 49, 28, 170, 174, 153, 154, 134, 113, 71, 50, 94, 10, 32, 33, 99, 34, 13, 57, 59, 38, 18, 182, 140, 163, 121, 100, 123, 167, 3, 102, 146, 168, 4, 169, 82, 84, 41, 20, 86, 21] -> [49, 50, 41]
Average: Precision: 1.0   Recall: 0.6899225
Average F1: 0.8165138
RANKING PARTIZIONE: 100.0
****************************************
****************************************
[0] -> [0]
[156] -> [156]
[45, 89, 24, 49, 28, 170, 174, 153, 154, 134, 113, 71, 50, 94, 10, 32, 33, 99, 34, 13, 57, 59, 38, 18, 182, 140, 163, 121, 100, 123, 167, 3, 102, 146, 168, 4, 169, 82, 84, 41, 20, 86, 21] -> [49, 50, 41]
Average: Precision: 1.0   Recall: 0.6899225
Average F1: 0.8165138
RANKING PARTIZIONE: 100.0
****************************************
****************************************
[0] -> [0]
[156] -> [156]
[45, 89, 24, 49, 28, 170, 174, 153, 154, 134, 113, 71, 50, 94, 10, 32, 33, 99, 34, 13, 57, 59, 38, 18, 182, 140, 163, 121, 100, 123, 167, 3, 102, 146, 168, 4, 169, 82, 84, 41, 20, 86, 21] -> [33, 34, 24, 168, 169, 28, 170]
Average: Precision: 1.0   Recall: 0.7209303
Average F1: 0.8378378
RANKING PARTIZIONE: 100.0
****************************************
****************************************
[0] -> [0]
[156] -> [156]
[45, 89, 24, 49, 28, 170, 174, 153, 154, 134, 113, 71, 50, 94, 10, 32, 33, 99, 34, 13, 57, 59, 38, 18, 182, 140, 163, 121, 100, 123, 167, 3, 102, 146, 168, 4, 169, 82, 84, 41, 20, 86, 21] -> [33, 34, 24, 168, 4, 169, 28, 170]
Average: Precision: 1.0   Recall: 0.7286822
Average F1: 0.84304935
RANKING PARTIZIONE: 100.0
****************************************
****************************************
[0] -> [0]
[156] -> [156]
[45, 89, 24, 49, 28, 170, 174, 153, 154, 134, 113, 71, 50, 94, 10, 32, 33, 99, 34, 13, 57, 59, 38, 18, 182, 140, 163, 121, 100, 123, 167, 3, 102, 146, 168, 4, 169, 82, 84, 41, 20, 86, 21] -> [49, 50, 41]
Average: Precision: 1.0   Recall: 0.6899225
Average F1: 0.8165138
RANKING PARTIZIONE: 100.0
****************************************
****************************************
[0] -> [0]
[156] -> [156]
[45, 89, 24, 49, 28, 170, 174, 153, 154, 134, 113, 71, 50, 94, 10, 32, 33, 99, 34, 13, 57, 59, 38, 18, 182, 140, 163, 121, 100, 123, 167, 3, 102, 146, 168, 4, 169, 82, 84, 41, 20, 86, 21] -> [49, 50, 41]
Average: Precision: 1.0   Recall: 0.6899225
Average F1: 0.8165138
RANKING PARTIZIONE: 100.0
****************************************
****************************************
[0] -> [0]
[156] -> [156]
[45, 89, 24, 49, 28, 170, 174, 153, 154, 134, 113, 71, 50, 94, 10, 32, 33, 99, 34, 13, 57, 59, 38, 18, 182, 140, 163, 121, 100, 123, 167, 3, 102, 146, 168, 4, 169, 82, 84, 41, 20, 86, 21] -> [49, 50, 41]
Average: Precision: 1.0   Recall: 0.6899225
Average F1: 0.8165138
RANKING PARTIZIONE: 100.0
****************************************
****************************************
[0] -> [0]
[156] -> [156]
[45, 89, 24, 49, 28, 170, 174, 153, 154, 134, 113, 71, 50, 94, 10, 32, 33, 99, 34, 13, 57, 59, 38, 18, 182, 140, 163, 121, 100, 123, 167, 3, 102, 146, 168, 4, 169, 82, 84, 41, 20, 86, 21] -> [33, 34, 24, 168, 169, 28, 170]
Average: Precision: 1.0   Recall: 0.7209303
Average F1: 0.8378378
RANKING PARTIZIONE: 100.0
****************************************
****************************************
[0] -> [0]
[156] -> [156]
[45, 89, 24, 49, 28, 170, 174, 153, 154, 134, 113, 71, 50, 94, 10, 32, 33, 99, 34, 13, 57, 59, 38, 18, 182, 140, 163, 121, 100, 123, 167, 3, 102, 146, 168, 4, 169, 82, 84, 41, 20, 86, 21] -> [33, 34, 24, 168, 169, 28, 170]
Average: Precision: 1.0   Recall: 0.7209303
Average F1: 0.8378378
RANKING PARTIZIONE: 100.0
****************************************
****************************************
[0] -> [0]
[156] -> [156]
[45, 89, 24, 49, 28, 170, 174, 153, 154, 134, 113, 71, 50, 94, 10, 32, 33, 99, 34, 13, 57, 59, 38, 18, 182, 140, 163, 121, 100, 123, 167, 3, 102, 146, 168, 4, 169, 82, 84, 41, 20, 86, 21] -> [33, 34, 24, 168, 4, 169, 28, 170]
Average: Precision: 1.0   Recall: 0.7286822
Average F1: 0.84304935
RANKING PARTIZIONE: 100.0
****************************************
****************************************
[0] -> [0]
[156] -> [156]
[45, 89, 24, 49, 28, 170, 174, 153, 154, 134, 113, 71, 50, 94, 10, 32, 33, 99, 34, 13, 57, 59, 38, 18, 182, 140, 163, 121, 100, 123, 167, 3, 102, 146, 168, 4, 169, 82, 84, 41, 20, 86, 21] -> [49, 50, 41]
Average: Precision: 1.0   Recall: 0.6899225
Average F1: 0.8165138
RANKING PARTIZIONE: 100.0
****************************************
****************************************
[0] -> [0]
[156] -> [156]
[45, 89, 24, 49, 28, 170, 174, 153, 154, 134, 113, 71, 50, 94, 10, 32, 33, 99, 34, 13, 57, 59, 38, 18, 182, 140, 163, 121, 100, 123, 167, 3, 102, 146, 168, 4, 169, 82, 84, 41, 20, 86, 21] -> [33, 34, 24, 168, 4, 169, 28, 170]
Average: Precision: 1.0   Recall: 0.7286822
Average F1: 0.84304935
RANKING PARTIZIONE: 100.0
****************************************
****************************************
[0] -> [0]
[156] -> [156]
[45, 89, 24, 49, 28, 170, 174, 153, 154, 134, 113, 71, 50, 94, 10, 32, 33, 99, 34, 13, 57, 59, 38, 18, 182, 140, 163, 121, 100, 123, 167, 3, 102, 146, 168, 4, 169, 82, 84, 41, 20, 86, 21] -> [33, 34, 24, 168, 4, 169, 28, 170]
Average: Precision: 1.0   Recall: 0.7286822
Average F1: 0.84304935
RANKING PARTIZIONE: 100.0
****************************************
****************************************
[0] -> [0]
[156] -> [156]
[45, 89, 24, 49, 28, 170, 174, 153, 154, 134, 113, 71, 50, 94, 10, 32, 33, 99, 34, 13, 57, 59, 38, 18, 182, 140, 163, 121, 100, 123, 167, 3, 102, 146, 168, 4, 169, 82, 84, 41, 20, 86, 21] -> [49, 50, 41]
Average: Precision: 1.0   Recall: 0.6899225
Average F1: 0.8165138
RANKING PARTIZIONE: 100.0
****************************************
****************************************
[0] -> [0]
[156] -> [156]
[45, 89, 24, 49, 28, 170, 174, 153, 154, 134, 113, 71, 50, 94, 10, 32, 33, 99, 34, 13, 57, 59, 38, 18, 182, 140, 163, 121, 100, 123, 167, 3, 102, 146, 168, 4, 169, 82, 84, 41, 20, 86, 21] -> [33, 57, 170]
Average: Precision: 1.0   Recall: 0.6899225
Average F1: 0.8165138
RANKING PARTIZIONE: 100.0
****************************************
****************************************
[0] -> [0]
[156] -> [156]
[45, 89, 24, 49, 28, 170, 174, 153, 154, 134, 113, 71, 50, 94, 10, 32, 33, 99, 34, 13, 57, 59, 38, 18, 182, 140, 163, 121, 100, 123, 167, 3, 102, 146, 168, 4, 169, 82, 84, 41, 20, 86, 21] -> [33, 34, 24, 168, 169, 28, 170]
Average: Precision: 1.0   Recall: 0.7209303
Average F1: 0.8378378
RANKING PARTIZIONE: 100.0
****************************************
****************************************
[0] -> [0]
[156] -> [156]
[45, 89, 24, 49, 28, 170, 174, 153, 154, 134, 113, 71, 50, 94, 10, 32, 33, 99, 34, 13, 57, 59, 38, 18, 182, 140, 163, 121, 100, 123, 167, 3, 102, 146, 168, 4, 169, 82, 84, 41, 20, 86, 21] -> [33, 34, 24, 168, 4, 169, 28, 170]
Average: Precision: 1.0   Recall: 0.7286822
Average F1: 0.84304935
RANKING PARTIZIONE: 100.0
****************************************
****************************************
[0] -> [0]
[156] -> [156]
[45, 89, 24, 49, 28, 170, 174, 153, 154, 134, 113, 71, 50, 94, 10, 32, 33, 99, 34, 13, 57, 59, 38, 18, 182, 140, 163, 121, 100, 123, 167, 3, 102, 146, 168, 4, 169, 82, 84, 41, 20, 86, 21] -> [33, 34, 24, 168, 4, 169, 28, 170]
Average: Precision: 1.0   Recall: 0.7286822
Average F1: 0.84304935
RANKING PARTIZIONE: 100.0
****************************************
****************************************
[0] -> [0]
[156] -> [156]
[45, 89, 24, 49, 28, 170, 174, 153, 154, 134, 113, 71, 50, 94, 10, 32, 33, 99, 34, 13, 57, 59, 38, 18, 182, 140, 163, 121, 100, 123, 167, 3, 102, 146, 168, 4, 169, 82, 84, 41, 20, 86, 21] -> [49, 50, 41]
Average: Precision: 1.0   Recall: 0.6899225
Average F1: 0.8165138
RANKING PARTIZIONE: 100.0
****************************************
****************************************
[0] -> [0]
[156] -> [156]
[45, 89, 24, 49, 28, 170, 174, 153, 154, 134, 113, 71, 50, 94, 10, 32, 33, 99, 34, 13, 57, 59, 38, 18, 182, 140, 163, 121, 100, 123, 167, 3, 102, 146, 168, 4, 169, 82, 84, 41, 20, 86, 21] -> [99, 100]
Average: Precision: 1.0   Recall: 0.68217057
Average F1: 0.8110599
RANKING PARTIZIONE: 100.0
****************************************
EXECUTION TIME: 2237 seconds