Website: paniereBio Range: 6
****************************************
[0] -> [22, 23, 24, 25, 26, 170, 171, 172, 173, 152, 153, 154, 155, 156, 179, 11, 12, 13, 14, 15, 17, 180, 165, 0, 166, 145, 167, 146, 168, 169, 147, 148, 127, 6, 149, 8, 107, 9, 108, 20]
[22, 23, 24, 25, 26, 170, 171, 172, 173, 152, 153, 154, 155, 156, 179, 11, 12, 13, 14, 15, 17, 180, 165, 166, 145, 167, 146, 168, 147, 169, 148, 6, 127, 149, 8, 107, 9, 108, 20] -> [3]
[1, 2, 3, 4, 5] -> [5]
Average: Precision: 0.34166667   Recall: 0.4
Average F1: 0.36853933
RANKING PARTIZIONE: 45.0
****************************************
****************************************
[0] -> [0, 1]
[22, 23, 24, 25, 26, 170, 171, 172, 173, 152, 153, 154, 155, 156, 179, 11, 12, 13, 14, 15, 17, 180, 165, 166, 145, 167, 146, 168, 147, 169, 148, 6, 127, 149, 8, 107, 9, 108, 20] -> [22, 23, 24, 25, 26, 170, 171, 172, 173, 152, 153, 154, 155, 156, 179, 11, 12, 13, 14, 15, 17, 180, 165, 166, 145, 167, 146, 168, 169, 147, 148, 127, 6, 149, 8, 107, 9, 108, 20]
[1, 2, 3, 4, 5] -> [3]
Average: Precision: 0.8333333   Recall: 0.73333335
Average F1: 0.7801419
RANKING PARTIZIONE: 42.0
****************************************
****************************************
[0] -> [0]
[22, 23, 24, 25, 26, 170, 171, 172, 173, 152, 153, 154, 155, 156, 179, 11, 12, 13, 14, 15, 17, 180, 165, 166, 145, 167, 146, 168, 147, 169, 148, 6, 127, 149, 8, 107, 9, 108, 20] -> [22, 23, 24, 25, 26, 172, 152, 153, 154, 155, 156, 179, 12, 14, 15, 180, 165, 166, 145, 146, 147, 148, 127, 6, 149, 8]
[1, 2, 3, 4, 5] -> [3]
Average: Precision: 1.0   Recall: 0.62222224
Average F1: 0.76712334
RANKING PARTIZIONE: 30.0
****************************************
EXECUTION TIME: 484 seconds