Website: turismo Range: 6
****************************************
[0] -> [0]
[1, 2, 3, 4, 5, 6, 7, 8] -> [22, 23, 24, 25, 26, 27, 28, 29, 30, 31, 10, 32, 11, 33, 12, 34, 35, 13, 15, 16, 17, 18, 19, 1, 2, 3, 4, 5, 6, 7, 8, 9, 20, 21]
[22, 23, 24, 25, 26, 27, 28, 29, 30, 31, 10, 32, 11, 33, 12, 34, 13, 35, 15, 16, 17, 18, 19, 9, 20, 21] -> []
Average: Precision: 0.4117647   Recall: 0.6666667
Average F1: 0.50909096
RANKING PARTIZIONE: 300.0
****************************************
****************************************
[0] -> [0]
[1, 2, 3, 4, 5, 6, 7, 8] -> [1, 2, 3, 4, 5, 6, 7, 8]
[22, 23, 24, 25, 26, 27, 28, 29, 30, 31, 10, 32, 11, 33, 12, 34, 13, 35, 15, 16, 17, 18, 19, 9, 20, 21] -> [22, 23, 24, 25, 26, 27, 28, 29, 30, 31, 10, 32, 11, 33, 12, 34, 35, 13, 15, 16, 17, 18, 19, 9, 20, 21]
Average: Precision: 1.0   Recall: 1.0
Average F1: 1.0
RANKING PARTIZIONE: 200.0
****************************************
****************************************
[0] -> [0]
[1, 2, 3, 4, 5, 6, 7, 8] -> [2]
[22, 23, 24, 25, 26, 27, 28, 29, 30, 31, 10, 32, 11, 33, 12, 34, 13, 35, 15, 16, 17, 18, 19, 9, 20, 21] -> [22, 23, 24, 25, 26, 27, 28, 29, 30, 31, 10, 32, 11, 33, 12, 34, 35, 13, 15, 16, 17, 18, 19, 9, 20, 21]
Average: Precision: 1.0   Recall: 0.7083333
Average F1: 0.82926834
RANKING PARTIZIONE: 190.0
****************************************
EXECUTION TIME: 478 seconds