Website: unioneSarda Range: 6
****************************************
[0] -> [0]
[38, 19, 220, 210, 221, 211, 212, 114, 213, 214, 215, 216, 217, 207, 218, 208, 219, 61, 209, 62, 65] -> [221, 212, 213, 38, 217, 19, 207, 208, 209, 61, 62, 65]
[11, 22, 15, 16, 17, 18, 1, 2, 3, 4, 5, 6, 7, 8, 9, 10, 21] -> [22, 15, 16, 5, 17, 6, 18, 21]
[23] -> [23]
[24] -> [24]
[36, 37, 63, 64] -> [37]
Average: Precision: 1.0   Recall: 0.71533614
Average F1: 0.8340478
RANKING PARTIZIONE: 120.0
****************************************
****************************************
[0] -> [0]
[38, 19, 220, 210, 221, 211, 212, 114, 213, 214, 215, 216, 217, 207, 218, 208, 219, 61, 209, 62, 65] -> [36, 38, 19, 220, 221, 211, 212, 114, 213, 214, 215, 217, 218, 207, 219, 62, 63, 65]
[11, 22, 15, 16, 17, 18, 1, 2, 3, 4, 5, 6, 7, 8, 9, 10, 21] -> [22, 15, 16, 5, 17, 6, 18, 21]
[23] -> [23]
[24] -> [24]
[36, 37, 63, 64] -> [37]
Average: Precision: 0.9814815   Recall: 0.7470822
Average F1: 0.84838915
RANKING PARTIZIONE: 120.0
****************************************
****************************************
[0] -> [0]
[38, 19, 220, 210, 221, 211, 212, 114, 213, 214, 215, 216, 217, 207, 218, 208, 219, 61, 209, 62, 65] -> [38, 19, 220, 221, 211, 212, 213, 214, 215, 217, 218, 207, 62, 65]
[11, 22, 15, 16, 17, 18, 1, 2, 3, 4, 5, 6, 7, 8, 9, 10, 21] -> [22, 15, 16, 5, 17, 6, 18, 21]
[23] -> [23]
[24] -> [24]
[36, 37, 63, 64] -> [36, 219, 63]
Average: Precision: 0.9444444   Recall: 0.7728758
Average F1: 0.8500898
RANKING PARTIZIONE: 120.0
****************************************
****************************************
[0] -> [0]
[38, 19, 220, 210, 221, 211, 212, 114, 213, 214, 215, 216, 217, 207, 218, 208, 219, 61, 209, 62, 65] -> [221, 211, 217, 19, 208, 65]
[11, 22, 15, 16, 17, 18, 1, 2, 3, 4, 5, 6, 7, 8, 9, 10, 21] -> [22, 15, 16, 5, 17, 6, 18, 21]
[23] -> [23]
[24] -> [24]
[36, 37, 63, 64] -> [36, 219, 63]
Average: Precision: 0.9444444   Recall: 0.7093837
Average F1: 0.81020933
RANKING PARTIZIONE: 120.0
****************************************
****************************************
[0] -> [0]
[38, 19, 220, 210, 221, 211, 212, 114, 213, 214, 215, 216, 217, 207, 218, 208, 219, 61, 209, 62, 65] -> [221, 212, 213, 38, 217, 19, 207, 208, 209, 61, 62, 65]
[11, 22, 15, 16, 17, 18, 1, 2, 3, 4, 5, 6, 7, 8, 9, 10, 21] -> [22, 15, 16, 5, 17, 6, 18, 21]
[23] -> [23]
[24] -> [24]
[36, 37, 63, 64] -> [36, 219, 63]
Average: Precision: 0.9444444   Recall: 0.75700283
Average F1: 0.8403988
RANKING PARTIZIONE: 120.0
****************************************
****************************************
[0] -> [0]
[38, 19, 220, 210, 221, 211, 212, 114, 213, 214, 215, 216, 217, 207, 218, 208, 219, 61, 209, 62, 65] -> [36, 217, 219, 62]
[11, 22, 15, 16, 17, 18, 1, 2, 3, 4, 5, 6, 7, 8, 9, 10, 21] -> [22, 15, 16, 5, 17, 6, 18, 21]
[23] -> [23]
[24] -> [24]
[36, 37, 63, 64] -> [37]
Average: Precision: 0.9583333   Recall: 0.64390755
Average F1: 0.7702688
RANKING PARTIZIONE: 120.0
****************************************
****************************************
[0] -> [0]
[38, 19, 220, 210, 221, 211, 212, 114, 213, 214, 215, 216, 217, 207, 218, 208, 219, 61, 209, 62, 65] -> [38, 19, 220, 221, 211, 212, 213, 214, 215, 217, 218, 207, 62, 65]
[11, 22, 15, 16, 17, 18, 1, 2, 3, 4, 5, 6, 7, 8, 9, 10, 21] -> [22, 15, 16, 5, 17, 6, 18, 21]
[23] -> [23]
[24] -> [24]
[36, 37, 63, 64] -> [37]
Average: Precision: 1.0   Recall: 0.7312091
Average F1: 0.84473807
RANKING PARTIZIONE: 120.0
****************************************
****************************************
[0] -> [0]
[38, 19, 220, 210, 221, 211, 212, 114, 213, 214, 215, 216, 217, 207, 218, 208, 219, 61, 209, 62, 65] -> [212, 217, 219]
[11, 22, 15, 16, 17, 18, 1, 2, 3, 4, 5, 6, 7, 8, 9, 10, 21] -> [22, 15, 16, 5, 17, 6, 18, 21]
[23] -> [23]
[24] -> [24]
[36, 37, 63, 64] -> [37]
Average: Precision: 1.0   Recall: 0.64390755
Average F1: 0.7833866
RANKING PARTIZIONE: 120.0
****************************************
****************************************
[0] -> [0]
[38, 19, 220, 210, 221, 211, 212, 114, 213, 214, 215, 216, 217, 207, 218, 208, 219, 61, 209, 62, 65] -> [36, 217, 219, 62]
[11, 22, 15, 16, 17, 18, 1, 2, 3, 4, 5, 6, 7, 8, 9, 10, 21] -> [22, 15, 16, 5, 17, 6, 18, 21]
[23] -> [23]
[24] -> [24]
[36, 37, 63, 64] -> [37]
Average: Precision: 0.9583333   Recall: 0.64390755
Average F1: 0.7702688
RANKING PARTIZIONE: 120.0
****************************************
****************************************
[0] -> [0]
[38, 19, 220, 210, 221, 211, 212, 114, 213, 214, 215, 216, 217, 207, 218, 208, 219, 61, 209, 62, 65] -> [36, 38, 19, 220, 221, 211, 212, 213, 214, 215, 217, 218, 207, 219, 62, 63, 65]
[11, 22, 15, 16, 17, 18, 1, 2, 3, 4, 5, 6, 7, 8, 9, 10, 21] -> [22, 15, 16, 5, 17, 6, 18, 21]
[23] -> [23]
[24] -> [24]
[36, 37, 63, 64] -> [37]
Average: Precision: 0.98039216   Recall: 0.7391457
Average F1: 0.8428458
RANKING PARTIZIONE: 120.0
****************************************
****************************************
[0] -> [0]
[38, 19, 220, 210, 221, 211, 212, 114, 213, 214, 215, 216, 217, 207, 218, 208, 219, 61, 209, 62, 65] -> [19, 220, 210, 221, 212, 214, 215, 216, 217, 207, 208, 219, 209, 61, 63, 65]
[11, 22, 15, 16, 17, 18, 1, 2, 3, 4, 5, 6, 7, 8, 9, 10, 21] -> [22, 15, 16, 5, 17, 6, 18, 21]
[23] -> [23]
[24] -> [24]
[36, 37, 63, 64] -> [37]
Average: Precision: 0.9895833   Recall: 0.7391457
Average F1: 0.8462243
RANKING PARTIZIONE: 120.0
****************************************
****************************************
[0] -> [0]
[38, 19, 220, 210, 221, 211, 212, 114, 213, 214, 215, 216, 217, 207, 218, 208, 219, 61, 209, 62, 65] -> [221, 211, 217, 19, 208, 65]
[11, 22, 15, 16, 17, 18, 1, 2, 3, 4, 5, 6, 7, 8, 9, 10, 21] -> [22, 15, 16, 5, 17, 6, 18, 21]
[23] -> [23]
[24] -> [24]
[36, 37, 63, 64] -> [37]
Average: Precision: 1.0   Recall: 0.66771704
Average F1: 0.8007558
RANKING PARTIZIONE: 120.0
****************************************
****************************************
[0] -> [0]
[38, 19, 220, 210, 221, 211, 212, 114, 213, 214, 215, 216, 217, 207, 218, 208, 219, 61, 209, 62, 65] -> [221, 211, 217, 19, 208, 65]
[11, 22, 15, 16, 17, 18, 1, 2, 3, 4, 5, 6, 7, 8, 9, 10, 21] -> [22, 15, 16, 5, 17, 6, 18, 21]
[23] -> [23]
[24] -> [24]
[36, 37, 63, 64] -> [37]
Average: Precision: 1.0   Recall: 0.66771704
Average F1: 0.8007558
RANKING PARTIZIONE: 120.0
****************************************
****************************************
[0] -> [0]
[38, 19, 220, 210, 221, 211, 212, 114, 213, 214, 215, 216, 217, 207, 218, 208, 219, 61, 209, 62, 65] -> [36, 19, 220, 210, 221, 212, 214, 215, 216, 217, 207, 208, 219, 209, 61, 63, 65]
[11, 22, 15, 16, 17, 18, 1, 2, 3, 4, 5, 6, 7, 8, 9, 10, 21] -> [22, 15, 16, 5, 17, 6, 18, 21]
[23] -> [23]
[24] -> [24]
[36, 37, 63, 64] -> [37]
Average: Precision: 0.98039216   Recall: 0.7391457
Average F1: 0.8428458
RANKING PARTIZIONE: 110.0
****************************************
****************************************
[0] -> [0]
[38, 19, 220, 210, 221, 211, 212, 114, 213, 214, 215, 216, 217, 207, 218, 208, 219, 61, 209, 62, 65] -> [36, 38, 19, 210, 221, 211, 212, 213, 214, 215, 216, 217, 218, 207, 208, 219, 209, 61, 62, 63, 64, 65]
[11, 22, 15, 16, 17, 18, 1, 2, 3, 4, 5, 6, 7, 8, 9, 10, 21] -> [22, 15, 16, 5, 17, 6, 18, 21]
[23] -> [23]
[24] -> [24]
[36, 37, 63, 64] -> [37]
Average: Precision: 0.97727275   Recall: 0.77089167
Average F1: 0.8619
RANKING PARTIZIONE: 110.0
****************************************
****************************************
[0] -> [0]
[38, 19, 220, 210, 221, 211, 212, 114, 213, 214, 215, 216, 217, 207, 218, 208, 219, 61, 209, 62, 65] -> [36, 38, 19, 210, 221, 211, 212, 213, 214, 215, 216, 217, 218, 207, 208, 219, 209, 61, 62, 63, 64, 65]
[11, 22, 15, 16, 17, 18, 1, 2, 3, 4, 5, 6, 7, 8, 9, 10, 21] -> [2, 3, 4, 5, 17, 6, 18, 7]
[23] -> [23]
[24] -> [24]
[36, 37, 63, 64] -> [37]
Average: Precision: 0.97727275   Recall: 0.77089167
Average F1: 0.8619
RANKING PARTIZIONE: 110.0
****************************************
****************************************
[0] -> [0]
[38, 19, 220, 210, 221, 211, 212, 114, 213, 214, 215, 216, 217, 207, 218, 208, 219, 61, 209, 62, 65] -> [36, 38, 19, 220, 221, 211, 212, 114, 213, 214, 215, 217, 218, 207, 219, 62, 63, 65]
[11, 22, 15, 16, 17, 18, 1, 2, 3, 4, 5, 6, 7, 8, 9, 10, 21] -> [2, 3, 4, 5, 17, 6, 18, 7]
[23] -> [23]
[24] -> [24]
[36, 37, 63, 64] -> [37]
Average: Precision: 0.9814815   Recall: 0.7470822
Average F1: 0.84838915
RANKING PARTIZIONE: 100.0
****************************************
****************************************
[0] -> [0, 2, 3, 4, 5, 17, 6, 18, 7]
[38, 19, 220, 210, 221, 211, 212, 114, 213, 214, 215, 216, 217, 207, 218, 208, 219, 61, 209, 62, 65] -> [36, 38, 19, 220, 221, 211, 212, 213, 214, 215, 217, 218, 207, 219, 62, 63, 65]
[11, 22, 15, 16, 17, 18, 1, 2, 3, 4, 5, 6, 7, 8, 9, 10, 21] -> [8]
[23] -> [23]
[24] -> [24]
[36, 37, 63, 64] -> [37]
Average: Precision: 0.832244   Recall: 0.6705182
Average F1: 0.74267876
RANKING PARTIZIONE: 100.0
****************************************
****************************************
[0] -> [0, 1, 23, 15]
[38, 19, 220, 210, 221, 211, 212, 114, 213, 214, 215, 216, 217, 207, 218, 208, 219, 61, 209, 62, 65] -> [38, 19, 220, 221, 211, 212, 213, 214, 215, 217, 218, 207, 62, 65]
[11, 22, 15, 16, 17, 18, 1, 2, 3, 4, 5, 6, 7, 8, 9, 10, 21] -> [2, 3, 4, 5, 17, 6, 18, 7]
[23] -> [37]
[24] -> [24]
[36, 37, 63, 64] -> [36, 219, 63]
Average: Precision: 0.6527778   Recall: 0.60620916
Average F1: 0.62863225
RANKING PARTIZIONE: 100.0
****************************************
****************************************
[0] -> [0, 1, 15]
[38, 19, 220, 210, 221, 211, 212, 114, 213, 214, 215, 216, 217, 207, 218, 208, 219, 61, 209, 62, 65] -> [36, 38, 19, 220, 221, 211, 212, 213, 214, 215, 217, 218, 207, 219, 62, 63, 65]
[11, 22, 15, 16, 17, 18, 1, 2, 3, 4, 5, 6, 7, 8, 9, 10, 21] -> [2, 3, 4, 5, 17, 6, 18, 7]
[23] -> [23]
[24] -> [24]
[36, 37, 63, 64] -> [37]
Average: Precision: 0.86928105   Recall: 0.7391457
Average F1: 0.7989488
RANKING PARTIZIONE: 100.0
****************************************
****************************************
[0] -> [0]
[38, 19, 220, 210, 221, 211, 212, 114, 213, 214, 215, 216, 217, 207, 218, 208, 219, 61, 209, 62, 65] -> [38, 19, 220, 221, 211, 212, 213, 214, 215, 217, 218, 207, 62, 65]
[11, 22, 15, 16, 17, 18, 1, 2, 3, 4, 5, 6, 7, 8, 9, 10, 21] -> [2, 3, 4, 5, 17, 6, 18, 7]
[23] -> [23]
[24] -> [24]
[36, 37, 63, 64] -> [36, 219, 63]
Average: Precision: 0.9444444   Recall: 0.7728758
Average F1: 0.8500898
RANKING PARTIZIONE: 100.0
****************************************
****************************************
[0] -> [0]
[38, 19, 220, 210, 221, 211, 212, 114, 213, 214, 215, 216, 217, 207, 218, 208, 219, 61, 209, 62, 65] -> [218]
[11, 22, 15, 16, 17, 18, 1, 2, 3, 4, 5, 6, 7, 8, 9, 10, 21] -> [2, 3, 4, 5, 17, 6, 18, 7]
[23] -> [23]
[24] -> [24]
[36, 37, 63, 64] -> [37]
Average: Precision: 1.0   Recall: 0.62803453
Average F1: 0.7715248
RANKING PARTIZIONE: 100.0
****************************************
****************************************
[0] -> [0]
[38, 19, 220, 210, 221, 211, 212, 114, 213, 214, 215, 216, 217, 207, 218, 208, 219, 61, 209, 62, 65] -> [38, 19, 220, 221, 211, 212, 213, 214, 215, 217, 218, 207, 62, 65]
[11, 22, 15, 16, 17, 18, 1, 2, 3, 4, 5, 6, 7, 8, 9, 10, 21] -> [2, 3, 4, 5, 17, 6, 18, 7]
[23] -> [23]
[24] -> [24]
[36, 37, 63, 64] -> [37]
Average: Precision: 1.0   Recall: 0.7312091
Average F1: 0.84473807
RANKING PARTIZIONE: 100.0
****************************************
****************************************
[0] -> [0, 1, 23, 15]
[38, 19, 220, 210, 221, 211, 212, 114, 213, 214, 215, 216, 217, 207, 218, 208, 219, 61, 209, 62, 65] -> [38, 19, 220, 221, 211, 212, 213, 214, 215, 217, 218, 207, 62, 65]
[11, 22, 15, 16, 17, 18, 1, 2, 3, 4, 5, 6, 7, 8, 9, 10, 21] -> [2, 3, 4, 5, 17, 6, 18, 7]
[23] -> [37]
[24] -> [24]
[36, 37, 63, 64] -> [63]
Average: Precision: 0.7083333   Recall: 0.5645425
Average F1: 0.6283162
RANKING PARTIZIONE: 100.0
****************************************
****************************************
[0] -> [0]
[38, 19, 220, 210, 221, 211, 212, 114, 213, 214, 215, 216, 217, 207, 218, 208, 219, 61, 209, 62, 65] -> [212, 217, 219]
[11, 22, 15, 16, 17, 18, 1, 2, 3, 4, 5, 6, 7, 8, 9, 10, 21] -> [2, 3, 4, 5, 17, 6, 18, 7]
[23] -> [23]
[24] -> [24]
[36, 37, 63, 64] -> [37]
Average: Precision: 1.0   Recall: 0.64390755
Average F1: 0.7833866
RANKING PARTIZIONE: 100.0
****************************************
****************************************
[0] -> [0, 1, 23, 15]
[38, 19, 220, 210, 221, 211, 212, 114, 213, 214, 215, 216, 217, 207, 218, 208, 219, 61, 209, 62, 65] -> [218]
[11, 22, 15, 16, 17, 18, 1, 2, 3, 4, 5, 6, 7, 8, 9, 10, 21] -> [2, 3, 4, 5, 17, 6, 18, 7]
[23] -> [65]
[24] -> [24]
[36, 37, 63, 64] -> [37]
Average: Precision: 0.7083333   Recall: 0.46136788
Average F1: 0.558779
RANKING PARTIZIONE: 100.0
****************************************
****************************************
[0] -> [0, 1, 23, 15]
[38, 19, 220, 210, 221, 211, 212, 114, 213, 214, 215, 216, 217, 207, 218, 208, 219, 61, 209, 62, 65] -> [19, 220, 210, 221, 212, 214, 215, 216, 217, 207, 208, 219, 209, 61, 63, 65]
[11, 22, 15, 16, 17, 18, 1, 2, 3, 4, 5, 6, 7, 8, 9, 10, 21] -> [2, 3, 4, 5, 17, 6, 18, 7]
[23] -> [218]
[24] -> [24]
[36, 37, 63, 64] -> [37]
Average: Precision: 0.6979167   Recall: 0.572479
Average F1: 0.629005
RANKING PARTIZIONE: 100.0
****************************************
****************************************
[0] -> [0]
[38, 19, 220, 210, 221, 211, 212, 114, 213, 214, 215, 216, 217, 207, 218, 208, 219, 61, 209, 62, 65] -> [36, 19, 220, 210, 221, 212, 214, 215, 216, 217, 207, 208, 219, 209, 61, 63, 65]
[11, 22, 15, 16, 17, 18, 1, 2, 3, 4, 5, 6, 7, 8, 9, 10, 21] -> [2, 3, 4, 5, 17, 6, 18, 7]
[23] -> [23]
[24] -> [24]
[36, 37, 63, 64] -> [37]
Average: Precision: 0.98039216   Recall: 0.7391457
Average F1: 0.8428458
RANKING PARTIZIONE: 100.0
****************************************
****************************************
[0] -> [0]
[38, 19, 220, 210, 221, 211, 212, 114, 213, 214, 215, 216, 217, 207, 218, 208, 219, 61, 209, 62, 65] -> [36, 38, 19, 220, 221, 211, 212, 213, 214, 215, 217, 218, 207, 219, 62, 63, 65]
[11, 22, 15, 16, 17, 18, 1, 2, 3, 4, 5, 6, 7, 8, 9, 10, 21] -> [2, 3, 4, 5, 17, 6, 18, 7]
[23] -> [23]
[24] -> [24]
[36, 37, 63, 64] -> [37]
Average: Precision: 0.98039216   Recall: 0.7391457
Average F1: 0.8428458
RANKING PARTIZIONE: 100.0
****************************************
****************************************
[0] -> [0]
[38, 19, 220, 210, 221, 211, 212, 114, 213, 214, 215, 216, 217, 207, 218, 208, 219, 61, 209, 62, 65] -> [218]
[11, 22, 15, 16, 17, 18, 1, 2, 3, 4, 5, 6, 7, 8, 9, 10, 21] -> [2, 3, 4, 5, 17, 6, 18, 7]
[23] -> [23]
[24] -> [24]
[36, 37, 63, 64] -> [37]
Average: Precision: 1.0   Recall: 0.62803453
Average F1: 0.7715248
RANKING PARTIZIONE: 100.0
****************************************
****************************************
[0] -> [0, 1, 23, 15]
[38, 19, 220, 210, 221, 211, 212, 114, 213, 214, 215, 216, 217, 207, 218, 208, 219, 61, 209, 62, 65] -> [36, 38, 19, 220, 221, 211, 212, 213, 214, 215, 217, 218, 207, 219, 62, 63, 65]
[11, 22, 15, 16, 17, 18, 1, 2, 3, 4, 5, 6, 7, 8, 9, 10, 21] -> [2, 3, 4, 5, 17, 6, 18, 7]
[23] -> [37]
[24] -> [24]
[36, 37, 63, 64] -> [64]
Average: Precision: 0.6887255   Recall: 0.572479
Average F1: 0.625245
RANKING PARTIZIONE: 100.0
****************************************
****************************************
[0] -> [0, 1, 23, 15]
[38, 19, 220, 210, 221, 211, 212, 114, 213, 214, 215, 216, 217, 207, 218, 208, 219, 61, 209, 62, 65] -> [36, 38, 19, 210, 221, 211, 212, 213, 214, 215, 216, 217, 218, 207, 208, 219, 209, 61, 62, 63, 64, 65]
[11, 22, 15, 16, 17, 18, 1, 2, 3, 4, 5, 6, 7, 8, 9, 10, 21] -> [2, 3, 4, 5, 17, 6, 18, 7]
[23] -> [37]
[24] -> [24]
[36, 37, 63, 64] -> [8]
Average: Precision: 0.51893944   Recall: 0.56255835
Average F1: 0.53986925
RANKING PARTIZIONE: 100.0
****************************************
****************************************
[0] -> [0]
[38, 19, 220, 210, 221, 211, 212, 114, 213, 214, 215, 216, 217, 207, 218, 208, 219, 61, 209, 62, 65] -> [19, 220, 210, 221, 212, 214, 215, 216, 217, 207, 208, 219, 209, 61, 63, 65]
[11, 22, 15, 16, 17, 18, 1, 2, 3, 4, 5, 6, 7, 8, 9, 10, 21] -> [2, 3, 4, 5, 17, 6, 18, 7]
[23] -> [23]
[24] -> [24]
[36, 37, 63, 64] -> [37]
Average: Precision: 0.9895833   Recall: 0.7391457
Average F1: 0.8462243
RANKING PARTIZIONE: 100.0
****************************************
****************************************
[0] -> [0, 2, 3, 4, 5, 17, 6, 18, 7]
[38, 19, 220, 210, 221, 211, 212, 114, 213, 214, 215, 216, 217, 207, 218, 208, 219, 61, 209, 62, 65] -> [36, 38, 19, 210, 221, 211, 212, 213, 214, 215, 216, 217, 218, 207, 208, 219, 209, 61, 62, 63, 64, 65]
[11, 22, 15, 16, 17, 18, 1, 2, 3, 4, 5, 6, 7, 8, 9, 10, 21] -> [8]
[23] -> [23]
[24] -> [24]
[36, 37, 63, 64] -> [37]
Average: Precision: 0.8291246   Recall: 0.70226425
Average F1: 0.7604399
RANKING PARTIZIONE: 100.0
****************************************
****************************************
[0] -> [0, 1, 15]
[38, 19, 220, 210, 221, 211, 212, 114, 213, 214, 215, 216, 217, 207, 218, 208, 219, 61, 209, 62, 65] -> [36, 38, 19, 210, 221, 211, 212, 213, 214, 215, 216, 217, 218, 207, 208, 219, 209, 61, 62, 63, 64, 65]
[11, 22, 15, 16, 17, 18, 1, 2, 3, 4, 5, 6, 7, 8, 9, 10, 21] -> [2, 3, 4, 5, 17, 6, 18, 7]
[23] -> [23]
[24] -> [24]
[36, 37, 63, 64] -> [37]
Average: Precision: 0.86616164   Recall: 0.77089167
Average F1: 0.81575453
RANKING PARTIZIONE: 100.0
****************************************
EXECUTION TIME: 728 seconds