Website: libraccio Range: 6 Best: 1
****************************************
[0] -> [0]
[2] -> [2]
[22, 44, 23, 45, 24, 46, 25, 47, 26, 48, 27, 49, 28, 29, 31, 10, 32, 11, 33, 34, 13, 14, 36, 15, 38, 17, 39, 18, 3, 4, 5, 6, 7, 9, 40, 20, 42, 21] -> [47, 48, 18, 42, 10]
Average: Precision: 1.0   Recall: 0.7105263
Average F1: 0.83076924
RANKING PARTIZIONE: 22.0
****************************************
****************************************
[0] -> [0]
[2] -> [2]
[22, 44, 23, 45, 24, 46, 25, 47, 26, 48, 27, 49, 28, 29, 31, 10, 32, 11, 33, 34, 13, 14, 36, 15, 38, 17, 39, 18, 3, 4, 5, 6, 7, 9, 40, 20, 42, 21] -> [47, 48, 18, 42, 10]
Average: Precision: 1.0   Recall: 0.7105263
Average F1: 0.83076924
RANKING PARTIZIONE: 22.0
****************************************
****************************************
[0] -> [0]
[2] -> [2]
[22, 44, 23, 45, 24, 46, 25, 47, 26, 48, 27, 49, 28, 29, 31, 10, 32, 11, 33, 34, 13, 14, 36, 15, 38, 17, 39, 18, 3, 4, 5, 6, 7, 9, 40, 20, 42, 21] -> [47, 48, 18, 42, 10]
Average: Precision: 1.0   Recall: 0.7105263
Average F1: 0.83076924
RANKING PARTIZIONE: 22.0
****************************************
****************************************
[0] -> [0]
[2] -> [2]
[22, 44, 23, 45, 24, 46, 25, 47, 26, 48, 27, 49, 28, 29, 31, 10, 32, 11, 33, 34, 13, 14, 36, 15, 38, 17, 39, 18, 3, 4, 5, 6, 7, 9, 40, 20, 42, 21] -> [47, 48, 18, 42, 10]
Average: Precision: 1.0   Recall: 0.7105263
Average F1: 0.83076924
RANKING PARTIZIONE: 22.0
****************************************
****************************************
[0] -> [0]
[2] -> [2]
[22, 44, 23, 45, 24, 46, 25, 47, 26, 48, 27, 49, 28, 29, 31, 10, 32, 11, 33, 34, 13, 14, 36, 15, 38, 17, 39, 18, 3, 4, 5, 6, 7, 9, 40, 20, 42, 21] -> [47, 48, 18, 42, 10]
Average: Precision: 1.0   Recall: 0.7105263
Average F1: 0.83076924
RANKING PARTIZIONE: 22.0
****************************************
****************************************
[0] -> [0]
[2] -> [2]
[22, 44, 23, 45, 24, 46, 25, 47, 26, 48, 27, 49, 28, 29, 31, 10, 32, 11, 33, 34, 13, 14, 36, 15, 38, 17, 39, 18, 3, 4, 5, 6, 7, 9, 40, 20, 42, 21] -> [3, 28, 10]
Average: Precision: 1.0   Recall: 0.69298244
Average F1: 0.8186528
RANKING PARTIZIONE: 22.0
****************************************
****************************************
[0] -> [0]
[2] -> [2]
[22, 44, 23, 45, 24, 46, 25, 47, 26, 48, 27, 49, 28, 29, 31, 10, 32, 11, 33, 34, 13, 14, 36, 15, 38, 17, 39, 18, 3, 4, 5, 6, 7, 9, 40, 20, 42, 21] -> [3, 28, 10]
Average: Precision: 1.0   Recall: 0.69298244
Average F1: 0.8186528
RANKING PARTIZIONE: 22.0
****************************************
****************************************
[0] -> [0]
[2] -> [2]
[22, 44, 23, 45, 24, 46, 25, 47, 26, 48, 27, 49, 28, 29, 31, 10, 32, 11, 33, 34, 13, 14, 36, 15, 38, 17, 39, 18, 3, 4, 5, 6, 7, 9, 40, 20, 42, 21] -> [3, 28, 10]
Average: Precision: 1.0   Recall: 0.69298244
Average F1: 0.8186528
RANKING PARTIZIONE: 22.0
****************************************
****************************************
[0] -> [0]
[2] -> [2]
[22, 44, 23, 45, 24, 46, 25, 47, 26, 48, 27, 49, 28, 29, 31, 10, 32, 11, 33, 34, 13, 14, 36, 15, 38, 17, 39, 18, 3, 4, 5, 6, 7, 9, 40, 20, 42, 21] -> [47, 48, 18, 42, 10]
Average: Precision: 1.0   Recall: 0.7105263
Average F1: 0.83076924
RANKING PARTIZIONE: 22.0
****************************************
****************************************
[0] -> [0]
[2] -> [2]
[22, 44, 23, 45, 24, 46, 25, 47, 26, 48, 27, 49, 28, 29, 31, 10, 32, 11, 33, 34, 13, 14, 36, 15, 38, 17, 39, 18, 3, 4, 5, 6, 7, 9, 40, 20, 42, 21] -> [3, 28, 10]
Average: Precision: 1.0   Recall: 0.69298244
Average F1: 0.8186528
RANKING PARTIZIONE: 22.0
****************************************
****************************************
[0] -> [0]
[2] -> [2]
[22, 44, 23, 45, 24, 46, 25, 47, 26, 48, 27, 49, 28, 29, 31, 10, 32, 11, 33, 34, 13, 14, 36, 15, 38, 17, 39, 18, 3, 4, 5, 6, 7, 9, 40, 20, 42, 21] -> [3, 28, 10]
Average: Precision: 1.0   Recall: 0.69298244
Average F1: 0.8186528
RANKING PARTIZIONE: 22.0
****************************************
****************************************
[0] -> [0]
[2] -> [2]
[22, 44, 23, 45, 24, 46, 25, 47, 26, 48, 27, 49, 28, 29, 31, 10, 32, 11, 33, 34, 13, 14, 36, 15, 38, 17, 39, 18, 3, 4, 5, 6, 7, 9, 40, 20, 42, 21] -> [47, 48, 18, 42, 10]
Average: Precision: 1.0   Recall: 0.7105263
Average F1: 0.83076924
RANKING PARTIZIONE: 22.0
****************************************
****************************************
[0] -> [0]
[2] -> [2]
[22, 44, 23, 45, 24, 46, 25, 47, 26, 48, 27, 49, 28, 29, 31, 10, 32, 11, 33, 34, 13, 14, 36, 15, 38, 17, 39, 18, 3, 4, 5, 6, 7, 9, 40, 20, 42, 21] -> [47, 48, 18, 42, 10]
Average: Precision: 1.0   Recall: 0.7105263
Average F1: 0.83076924
RANKING PARTIZIONE: 22.0
****************************************
****************************************
[0] -> [0]
[2] -> [2]
[22, 44, 23, 45, 24, 46, 25, 47, 26, 48, 27, 49, 28, 29, 31, 10, 32, 11, 33, 34, 13, 14, 36, 15, 38, 17, 39, 18, 3, 4, 5, 6, 7, 9, 40, 20, 42, 21] -> [3, 28, 10]
Average: Precision: 1.0   Recall: 0.69298244
Average F1: 0.8186528
RANKING PARTIZIONE: 22.0
****************************************
****************************************
[0] -> [0]
[2] -> [2]
[22, 44, 23, 45, 24, 46, 25, 47, 26, 48, 27, 49, 28, 29, 31, 10, 32, 11, 33, 34, 13, 14, 36, 15, 38, 17, 39, 18, 3, 4, 5, 6, 7, 9, 40, 20, 42, 21] -> [14, 48, 39, 7]
Average: Precision: 1.0   Recall: 0.7017544
Average F1: 0.8247423
RANKING PARTIZIONE: 22.0
****************************************
****************************************
[0] -> [0]
[2] -> [2]
[22, 44, 23, 45, 24, 46, 25, 47, 26, 48, 27, 49, 28, 29, 31, 10, 32, 11, 33, 34, 13, 14, 36, 15, 38, 17, 39, 18, 3, 4, 5, 6, 7, 9, 40, 20, 42, 21] -> [44, 38, 17]
Average: Precision: 1.0   Recall: 0.69298244
Average F1: 0.8186528
RANKING PARTIZIONE: 22.0
****************************************
****************************************
[0] -> [0]
[2] -> [2]
[22, 44, 23, 45, 24, 46, 25, 47, 26, 48, 27, 49, 28, 29, 31, 10, 32, 11, 33, 34, 13, 14, 36, 15, 38, 17, 39, 18, 3, 4, 5, 6, 7, 9, 40, 20, 42, 21] -> [47, 48, 18, 42, 10]
Average: Precision: 1.0   Recall: 0.7105263
Average F1: 0.83076924
RANKING PARTIZIONE: 22.0
****************************************
****************************************
[0] -> [0]
[2] -> [2]
[22, 44, 23, 45, 24, 46, 25, 47, 26, 48, 27, 49, 28, 29, 31, 10, 32, 11, 33, 34, 13, 14, 36, 15, 38, 17, 39, 18, 3, 4, 5, 6, 7, 9, 40, 20, 42, 21] -> [14, 39, 7]
Average: Precision: 1.0   Recall: 0.69298244
Average F1: 0.8186528
RANKING PARTIZIONE: 22.0
****************************************
****************************************
[0] -> [0]
[2] -> [2]
[22, 44, 23, 45, 24, 46, 25, 47, 26, 48, 27, 49, 28, 29, 31, 10, 32, 11, 33, 34, 13, 14, 36, 15, 38, 17, 39, 18, 3, 4, 5, 6, 7, 9, 40, 20, 42, 21] -> [47, 48, 18, 42, 10]
Average: Precision: 1.0   Recall: 0.7105263
Average F1: 0.83076924
RANKING PARTIZIONE: 22.0
****************************************
****************************************
[0] -> [0]
[2] -> [2]
[22, 44, 23, 45, 24, 46, 25, 47, 26, 48, 27, 49, 28, 29, 31, 10, 32, 11, 33, 34, 13, 14, 36, 15, 38, 17, 39, 18, 3, 4, 5, 6, 7, 9, 40, 20, 42, 21] -> [3, 28, 10]
Average: Precision: 1.0   Recall: 0.69298244
Average F1: 0.8186528
RANKING PARTIZIONE: 22.0
****************************************
****************************************
[0] -> [0]
[2] -> [2]
[22, 44, 23, 45, 24, 46, 25, 47, 26, 48, 27, 49, 28, 29, 31, 10, 32, 11, 33, 34, 13, 14, 36, 15, 38, 17, 39, 18, 3, 4, 5, 6, 7, 9, 40, 20, 42, 21] -> [14, 39, 7]
Average: Precision: 1.0   Recall: 0.69298244
Average F1: 0.8186528
RANKING PARTIZIONE: 22.0
****************************************
****************************************
[0] -> [0]
[2] -> [2]
[22, 44, 23, 45, 24, 46, 25, 47, 26, 48, 27, 49, 28, 29, 31, 10, 32, 11, 33, 34, 13, 14, 36, 15, 38, 17, 39, 18, 3, 4, 5, 6, 7, 9, 40, 20, 42, 21] -> [44, 48, 38]
Average: Precision: 1.0   Recall: 0.69298244
Average F1: 0.8186528
RANKING PARTIZIONE: 22.0
****************************************
****************************************
[0] -> [0]
[2] -> [2]
[22, 44, 23, 45, 24, 46, 25, 47, 26, 48, 27, 49, 28, 29, 31, 10, 32, 11, 33, 34, 13, 14, 36, 15, 38, 17, 39, 18, 3, 4, 5, 6, 7, 9, 40, 20, 42, 21] -> [36, 38, 29]
Average: Precision: 1.0   Recall: 0.69298244
Average F1: 0.8186528
RANKING PARTIZIONE: 22.0
****************************************
****************************************
[0] -> [0]
[2] -> [2]
[22, 44, 23, 45, 24, 46, 25, 47, 26, 48, 27, 49, 28, 29, 31, 10, 32, 11, 33, 34, 13, 14, 36, 15, 38, 17, 39, 18, 3, 4, 5, 6, 7, 9, 40, 20, 42, 21] -> [47, 48, 18, 42, 10]
Average: Precision: 1.0   Recall: 0.7105263
Average F1: 0.83076924
RANKING PARTIZIONE: 22.0
****************************************
****************************************
[0] -> [0]
[2] -> [2]
[22, 44, 23, 45, 24, 46, 25, 47, 26, 48, 27, 49, 28, 29, 31, 10, 32, 11, 33, 34, 13, 14, 36, 15, 38, 17, 39, 18, 3, 4, 5, 6, 7, 9, 40, 20, 42, 21] -> [47, 48, 18, 42, 10]
Average: Precision: 1.0   Recall: 0.7105263
Average F1: 0.83076924
RANKING PARTIZIONE: 22.0
****************************************
****************************************
[0] -> [0]
[2] -> [2]
[22, 44, 23, 45, 24, 46, 25, 47, 26, 48, 27, 49, 28, 29, 31, 10, 32, 11, 33, 34, 13, 14, 36, 15, 38, 17, 39, 18, 3, 4, 5, 6, 7, 9, 40, 20, 42, 21] -> [47, 48, 18, 42, 10]
Average: Precision: 1.0   Recall: 0.7105263
Average F1: 0.83076924
RANKING PARTIZIONE: 22.0
****************************************
****************************************
[0] -> [0]
[2] -> [2]
[22, 44, 23, 45, 24, 46, 25, 47, 26, 48, 27, 49, 28, 29, 31, 10, 32, 11, 33, 34, 13, 14, 36, 15, 38, 17, 39, 18, 3, 4, 5, 6, 7, 9, 40, 20, 42, 21] -> [36, 38, 29]
Average: Precision: 1.0   Recall: 0.69298244
Average F1: 0.8186528
RANKING PARTIZIONE: 22.0
****************************************
****************************************
[0] -> [0]
[2] -> [2]
[22, 44, 23, 45, 24, 46, 25, 47, 26, 48, 27, 49, 28, 29, 31, 10, 32, 11, 33, 34, 13, 14, 36, 15, 38, 17, 39, 18, 3, 4, 5, 6, 7, 9, 40, 20, 42, 21] -> [47, 48, 18, 42, 10]
Average: Precision: 1.0   Recall: 0.7105263
Average F1: 0.83076924
RANKING PARTIZIONE: 22.0
****************************************
****************************************
[0] -> [0]
[2] -> [2]
[22, 44, 23, 45, 24, 46, 25, 47, 26, 48, 27, 49, 28, 29, 31, 10, 32, 11, 33, 34, 13, 14, 36, 15, 38, 17, 39, 18, 3, 4, 5, 6, 7, 9, 40, 20, 42, 21] -> [47, 48, 18, 42, 10]
Average: Precision: 1.0   Recall: 0.7105263
Average F1: 0.83076924
RANKING PARTIZIONE: 22.0
****************************************
****************************************
[0] -> [0]
[2] -> [2]
[22, 44, 23, 45, 24, 46, 25, 47, 26, 48, 27, 49, 28, 29, 31, 10, 32, 11, 33, 34, 13, 14, 36, 15, 38, 17, 39, 18, 3, 4, 5, 6, 7, 9, 40, 20, 42, 21] -> [47, 48, 18, 42, 10]
Average: Precision: 1.0   Recall: 0.7105263
Average F1: 0.83076924
RANKING PARTIZIONE: 22.0
****************************************
****************************************
[0] -> [0]
[2] -> [2]
[22, 44, 23, 45, 24, 46, 25, 47, 26, 48, 27, 49, 28, 29, 31, 10, 32, 11, 33, 34, 13, 14, 36, 15, 38, 17, 39, 18, 3, 4, 5, 6, 7, 9, 40, 20, 42, 21] -> [3, 28, 10]
Average: Precision: 1.0   Recall: 0.69298244
Average F1: 0.8186528
RANKING PARTIZIONE: 22.0
****************************************
****************************************
[0] -> [0]
[2] -> [2]
[22, 44, 23, 45, 24, 46, 25, 47, 26, 48, 27, 49, 28, 29, 31, 10, 32, 11, 33, 34, 13, 14, 36, 15, 38, 17, 39, 18, 3, 4, 5, 6, 7, 9, 40, 20, 42, 21] -> [3, 28, 10]
Average: Precision: 1.0   Recall: 0.69298244
Average F1: 0.8186528
RANKING PARTIZIONE: 22.0
****************************************
****************************************
[0] -> [0]
[2] -> [2]
[22, 44, 23, 45, 24, 46, 25, 47, 26, 48, 27, 49, 28, 29, 31, 10, 32, 11, 33, 34, 13, 14, 36, 15, 38, 17, 39, 18, 3, 4, 5, 6, 7, 9, 40, 20, 42, 21] -> [14, 39]
Average: Precision: 1.0   Recall: 0.68421054
Average F1: 0.8125
RANKING PARTIZIONE: 22.0
****************************************
****************************************
[0] -> [0]
[2] -> [2]
[22, 44, 23, 45, 24, 46, 25, 47, 26, 48, 27, 49, 28, 29, 31, 10, 32, 11, 33, 34, 13, 14, 36, 15, 38, 17, 39, 18, 3, 4, 5, 6, 7, 9, 40, 20, 42, 21] -> [47, 48, 18, 42, 10]
Average: Precision: 1.0   Recall: 0.7105263
Average F1: 0.83076924
RANKING PARTIZIONE: 22.0
****************************************
****************************************
[0] -> [0]
[2] -> [2]
[22, 44, 23, 45, 24, 46, 25, 47, 26, 48, 27, 49, 28, 29, 31, 10, 32, 11, 33, 34, 13, 14, 36, 15, 38, 17, 39, 18, 3, 4, 5, 6, 7, 9, 40, 20, 42, 21] -> [47, 48, 18, 42, 10]
Average: Precision: 1.0   Recall: 0.7105263
Average F1: 0.83076924
RANKING PARTIZIONE: 22.0
****************************************
****************************************
[0] -> [0]
[2] -> [2]
[22, 44, 23, 45, 24, 46, 25, 47, 26, 48, 27, 49, 28, 29, 31, 10, 32, 11, 33, 34, 13, 14, 36, 15, 38, 17, 39, 18, 3, 4, 5, 6, 7, 9, 40, 20, 42, 21] -> [3, 28, 10]
Average: Precision: 1.0   Recall: 0.69298244
Average F1: 0.8186528
RANKING PARTIZIONE: 22.0
****************************************
****************************************
[0] -> [0]
[2] -> [2]
[22, 44, 23, 45, 24, 46, 25, 47, 26, 48, 27, 49, 28, 29, 31, 10, 32, 11, 33, 34, 13, 14, 36, 15, 38, 17, 39, 18, 3, 4, 5, 6, 7, 9, 40, 20, 42, 21] -> [3, 28, 10]
Average: Precision: 1.0   Recall: 0.69298244
Average F1: 0.8186528
RANKING PARTIZIONE: 22.0
****************************************
****************************************
[0] -> [0]
[2] -> [2]
[22, 44, 23, 45, 24, 46, 25, 47, 26, 48, 27, 49, 28, 29, 31, 10, 32, 11, 33, 34, 13, 14, 36, 15, 38, 17, 39, 18, 3, 4, 5, 6, 7, 9, 40, 20, 42, 21] -> [47, 48, 18, 42, 10]
Average: Precision: 1.0   Recall: 0.7105263
Average F1: 0.83076924
RANKING PARTIZIONE: 22.0
****************************************
EXECUTION TIME: 586 seconds