Website: cortilia Range: 8
[0] -> [0]
[11, 12, 13, 14, 15, 16, 1, 2, 3, 4, 5, 6, 7, 8, 9, 10] -> [1, 2, 3, 4, 5, 6, 7, 8, 9, 10]
[22, 33, 23, 34, 24, 35, 25, 36, 26, 37, 27, 38, 17, 28, 39, 18, 29, 19, 30, 20, 31, 21, 32] -> [33, 25, 30, 31]
Average: Precision: 1.0   Recall: 0.5996377
Average F1: 0.7497169
[0] -> [0]
[11, 12, 13, 14, 15, 16, 1, 2, 3, 4, 5, 6, 7, 8, 9, 10] -> [1, 2, 3, 4, 5, 6, 7, 8, 9, 10]
[22, 33, 23, 34, 24, 35, 25, 36, 26, 37, 27, 38, 17, 28, 39, 18, 29, 19, 30, 20, 31, 21, 32] -> [33, 25, 17]
Average: Precision: 1.0   Recall: 0.58514494
Average F1: 0.7382857
EXECUTION TIME: 202 seconds