Website: aranzulla Range: 6 Best: 2
****************************************
[24, 25, 28, 29, 390, 391, 392, 393, 394, 395, 378, 379, 16, 38, 380, 381, 382, 383, 384, 385, 386, 387, 388, 389, 6, 42, 43] -> [6, 380, 43]
[0] -> [0]
[22, 23, 69, 230, 1, 2, 3, 236, 238, 70, 71, 72, 40, 73, 41, 74, 75] -> [23, 41]
Average: Precision: 1.0   Recall: 0.40958607
Average F1: 0.58114374
RANKING PARTIZIONE: 11.0
****************************************
****************************************
[24, 25, 28, 29, 390, 391, 392, 393, 394, 395, 378, 379, 16, 38, 380, 381, 382, 383, 384, 385, 386, 387, 388, 389, 6, 42, 43] -> [6, 380, 43]
[0] -> [0]
[22, 23, 69, 230, 1, 2, 3, 236, 238, 70, 71, 72, 40, 73, 41, 74, 75] -> [23, 41]
Average: Precision: 1.0   Recall: 0.40958607
Average F1: 0.58114374
RANKING PARTIZIONE: 11.0
****************************************
****************************************
[24, 25, 28, 29, 390, 391, 392, 393, 394, 395, 378, 379, 16, 38, 380, 381, 382, 383, 384, 385, 386, 387, 388, 389, 6, 42, 43] -> [6, 380, 43]
[0] -> [0]
[22, 23, 69, 230, 1, 2, 3, 236, 238, 70, 71, 72, 40, 73, 41, 74, 75] -> [23, 41]
Average: Precision: 1.0   Recall: 0.40958607
Average F1: 0.58114374
RANKING PARTIZIONE: 11.0
****************************************
****************************************
[24, 25, 28, 29, 390, 391, 392, 393, 394, 395, 378, 379, 16, 38, 380, 381, 382, 383, 384, 385, 386, 387, 388, 389, 6, 42, 43] -> [6, 391, 394]
[0] -> [0]
[22, 23, 69, 230, 1, 2, 3, 236, 238, 70, 71, 72, 40, 73, 41, 74, 75] -> [23, 41]
Average: Precision: 1.0   Recall: 0.40958607
Average F1: 0.58114374
RANKING PARTIZIONE: 11.0
****************************************
****************************************
[24, 25, 28, 29, 390, 391, 392, 393, 394, 395, 378, 379, 16, 38, 380, 381, 382, 383, 384, 385, 386, 387, 388, 389, 6, 42, 43] -> [6, 391, 394]
[0] -> [0]
[22, 23, 69, 230, 1, 2, 3, 236, 238, 70, 71, 72, 40, 73, 41, 74, 75] -> [23, 41]
Average: Precision: 1.0   Recall: 0.40958607
Average F1: 0.58114374
RANKING PARTIZIONE: 11.0
****************************************
****************************************
[24, 25, 28, 29, 390, 391, 392, 393, 394, 395, 378, 379, 16, 38, 380, 381, 382, 383, 384, 385, 386, 387, 388, 389, 6, 42, 43] -> [6, 391, 394]
[0] -> [0]
[22, 23, 69, 230, 1, 2, 3, 236, 238, 70, 71, 72, 40, 73, 41, 74, 75] -> [23, 41]
Average: Precision: 1.0   Recall: 0.40958607
Average F1: 0.58114374
RANKING PARTIZIONE: 11.0
****************************************
****************************************
[24, 25, 28, 29, 390, 391, 392, 393, 394, 395, 378, 379, 16, 38, 380, 381, 382, 383, 384, 385, 386, 387, 388, 389, 6, 42, 43] -> [6, 391, 394]
[0] -> [0]
[22, 23, 69, 230, 1, 2, 3, 236, 238, 70, 71, 72, 40, 73, 41, 74, 75] -> [23, 41]
Average: Precision: 1.0   Recall: 0.40958607
Average F1: 0.58114374
RANKING PARTIZIONE: 11.0
****************************************
****************************************
[24, 25, 28, 29, 390, 391, 392, 393, 394, 395, 378, 379, 16, 38, 380, 381, 382, 383, 384, 385, 386, 387, 388, 389, 6, 42, 43] -> [378, 16, 379]
[0] -> [0]
[22, 23, 69, 230, 1, 2, 3, 236, 238, 70, 71, 72, 40, 73, 41, 74, 75] -> [23, 41]
Average: Precision: 1.0   Recall: 0.40958607
Average F1: 0.58114374
RANKING PARTIZIONE: 11.0
****************************************
****************************************
[24, 25, 28, 29, 390, 391, 392, 393, 394, 395, 378, 379, 16, 38, 380, 381, 382, 383, 384, 385, 386, 387, 388, 389, 6, 42, 43] -> [378, 389, 38]
[0] -> [0]
[22, 23, 69, 230, 1, 2, 3, 236, 238, 70, 71, 72, 40, 73, 41, 74, 75] -> [23, 41]
Average: Precision: 1.0   Recall: 0.40958607
Average F1: 0.58114374
RANKING PARTIZIONE: 11.0
****************************************
****************************************
[24, 25, 28, 29, 390, 391, 392, 393, 394, 395, 378, 379, 16, 38, 380, 381, 382, 383, 384, 385, 386, 387, 388, 389, 6, 42, 43] -> [380, 43]
[0] -> [0]
[22, 23, 69, 230, 1, 2, 3, 236, 238, 70, 71, 72, 40, 73, 41, 74, 75] -> [23, 41]
Average: Precision: 1.0   Recall: 0.39724037
Average F1: 0.56860703
RANKING PARTIZIONE: 11.0
****************************************
****************************************
[24, 25, 28, 29, 390, 391, 392, 393, 394, 395, 378, 379, 16, 38, 380, 381, 382, 383, 384, 385, 386, 387, 388, 389, 6, 42, 43] -> [380, 43]
[0] -> [0]
[22, 23, 69, 230, 1, 2, 3, 236, 238, 70, 71, 72, 40, 73, 41, 74, 75] -> [23, 41]
Average: Precision: 1.0   Recall: 0.39724037
Average F1: 0.56860703
RANKING PARTIZIONE: 11.0
****************************************
****************************************
[24, 25, 28, 29, 390, 391, 392, 393, 394, 395, 378, 379, 16, 38, 380, 381, 382, 383, 384, 385, 386, 387, 388, 389, 6, 42, 43] -> [28, 43]
[0] -> [0]
[22, 23, 69, 230, 1, 2, 3, 236, 238, 70, 71, 72, 40, 73, 41, 74, 75] -> [75]
Average: Precision: 1.0   Recall: 0.37763253
Average F1: 0.54823405
RANKING PARTIZIONE: 11.0
****************************************
****************************************
[24, 25, 28, 29, 390, 391, 392, 393, 394, 395, 378, 379, 16, 38, 380, 381, 382, 383, 384, 385, 386, 387, 388, 389, 6, 42, 43] -> [24, 25, 28, 29, 390, 391, 392, 393, 394, 395, 378, 379, 16, 38, 380, 381, 382, 383, 384, 385, 386, 387, 388, 389, 6, 42, 43]
[0] -> [0]
[22, 23, 69, 230, 1, 2, 3, 236, 238, 70, 71, 72, 40, 73, 41, 74, 75] -> [23, 41]
Average: Precision: 1.0   Recall: 0.7058824
Average F1: 0.82758623
RANKING PARTIZIONE: 20.0
****************************************
****************************************
[24, 25, 28, 29, 390, 391, 392, 393, 394, 395, 378, 379, 16, 38, 380, 381, 382, 383, 384, 385, 386, 387, 388, 389, 6, 42, 43] -> [28, 43]
[0] -> [0]
[22, 23, 69, 230, 1, 2, 3, 236, 238, 70, 71, 72, 40, 73, 41, 74, 75] -> [75]
Average: Precision: 1.0   Recall: 0.37763253
Average F1: 0.54823405
RANKING PARTIZIONE: 11.0
****************************************
****************************************
[24, 25, 28, 29, 390, 391, 392, 393, 394, 395, 378, 379, 16, 38, 380, 381, 382, 383, 384, 385, 386, 387, 388, 389, 6, 42, 43] -> [378, 389, 38]
[0] -> [0]
[22, 23, 69, 230, 1, 2, 3, 236, 238, 70, 71, 72, 40, 73, 41, 74, 75] -> [23, 41]
Average: Precision: 1.0   Recall: 0.40958607
Average F1: 0.58114374
RANKING PARTIZIONE: 11.0
****************************************
****************************************
[24, 25, 28, 29, 390, 391, 392, 393, 394, 395, 378, 379, 16, 38, 380, 381, 382, 383, 384, 385, 386, 387, 388, 389, 6, 42, 43] -> [380, 384]
[0] -> [0]
[22, 23, 69, 230, 1, 2, 3, 236, 238, 70, 71, 72, 40, 73, 41, 74, 75] -> [75]
Average: Precision: 1.0   Recall: 0.37763253
Average F1: 0.54823405
RANKING PARTIZIONE: 11.0
****************************************
****************************************
[24, 25, 28, 29, 390, 391, 392, 393, 394, 395, 378, 379, 16, 38, 380, 381, 382, 383, 384, 385, 386, 387, 388, 389, 6, 42, 43] -> [380, 384]
[0] -> [0]
[22, 23, 69, 230, 1, 2, 3, 236, 238, 70, 71, 72, 40, 73, 41, 74, 75] -> [23, 41]
Average: Precision: 1.0   Recall: 0.39724037
Average F1: 0.56860703
RANKING PARTIZIONE: 11.0
****************************************
****************************************
[24, 25, 28, 29, 390, 391, 392, 393, 394, 395, 378, 379, 16, 38, 380, 381, 382, 383, 384, 385, 386, 387, 388, 389, 6, 42, 43] -> [378, 16, 43]
[0] -> [0]
[22, 23, 69, 230, 1, 2, 3, 236, 238, 70, 71, 72, 40, 73, 41, 74, 75] -> [23, 41]
Average: Precision: 1.0   Recall: 0.40958607
Average F1: 0.58114374
RANKING PARTIZIONE: 11.0
****************************************
****************************************
[24, 25, 28, 29, 390, 391, 392, 393, 394, 395, 378, 379, 16, 38, 380, 381, 382, 383, 384, 385, 386, 387, 388, 389, 6, 42, 43] -> [378, 16, 379]
[0] -> [0]
[22, 23, 69, 230, 1, 2, 3, 236, 238, 70, 71, 72, 40, 73, 41, 74, 75] -> [75]
Average: Precision: 1.0   Recall: 0.38997826
Average F1: 0.56112856
RANKING PARTIZIONE: 11.0
****************************************
****************************************
[24, 25, 28, 29, 390, 391, 392, 393, 394, 395, 378, 379, 16, 38, 380, 381, 382, 383, 384, 385, 386, 387, 388, 389, 6, 42, 43] -> [380, 43]
[0] -> [0]
[22, 23, 69, 230, 1, 2, 3, 236, 238, 70, 71, 72, 40, 73, 41, 74, 75] -> [75]
Average: Precision: 1.0   Recall: 0.37763253
Average F1: 0.54823405
RANKING PARTIZIONE: 11.0
****************************************
****************************************
[24, 25, 28, 29, 390, 391, 392, 393, 394, 395, 378, 379, 16, 38, 380, 381, 382, 383, 384, 385, 386, 387, 388, 389, 6, 42, 43] -> [378, 16, 379]
[0] -> [0]
[22, 23, 69, 230, 1, 2, 3, 236, 238, 70, 71, 72, 40, 73, 41, 74, 75] -> [23, 41]
Average: Precision: 1.0   Recall: 0.40958607
Average F1: 0.58114374
RANKING PARTIZIONE: 11.0
****************************************
****************************************
[24, 25, 28, 29, 390, 391, 392, 393, 394, 395, 378, 379, 16, 38, 380, 381, 382, 383, 384, 385, 386, 387, 388, 389, 6, 42, 43] -> [378, 389, 38]
[0] -> [0]
[22, 23, 69, 230, 1, 2, 3, 236, 238, 70, 71, 72, 40, 73, 41, 74, 75] -> [75]
Average: Precision: 1.0   Recall: 0.38997826
Average F1: 0.56112856
RANKING PARTIZIONE: 11.0
****************************************
****************************************
[24, 25, 28, 29, 390, 391, 392, 393, 394, 395, 378, 379, 16, 38, 380, 381, 382, 383, 384, 385, 386, 387, 388, 389, 6, 42, 43] -> [380, 43]
[0] -> [0]
[22, 23, 69, 230, 1, 2, 3, 236, 238, 70, 71, 72, 40, 73, 41, 74, 75] -> [23, 41]
Average: Precision: 1.0   Recall: 0.39724037
Average F1: 0.56860703
RANKING PARTIZIONE: 11.0
****************************************
****************************************
[24, 25, 28, 29, 390, 391, 392, 393, 394, 395, 378, 379, 16, 38, 380, 381, 382, 383, 384, 385, 386, 387, 388, 389, 6, 42, 43] -> [378, 389, 38]
[0] -> [0]
[22, 23, 69, 230, 1, 2, 3, 236, 238, 70, 71, 72, 40, 73, 41, 74, 75] -> [23, 41]
Average: Precision: 1.0   Recall: 0.40958607
Average F1: 0.58114374
RANKING PARTIZIONE: 11.0
****************************************
****************************************
[24, 25, 28, 29, 390, 391, 392, 393, 394, 395, 378, 379, 16, 38, 380, 381, 382, 383, 384, 385, 386, 387, 388, 389, 6, 42, 43] -> [380, 43]
[0] -> [0]
[22, 23, 69, 230, 1, 2, 3, 236, 238, 70, 71, 72, 40, 73, 41, 74, 75] -> [23, 41]
Average: Precision: 1.0   Recall: 0.39724037
Average F1: 0.56860703
RANKING PARTIZIONE: 11.0
****************************************
****************************************
[24, 25, 28, 29, 390, 391, 392, 393, 394, 395, 378, 379, 16, 38, 380, 381, 382, 383, 384, 385, 386, 387, 388, 389, 6, 42, 43] -> [378, 16, 379]
[0] -> [0]
[22, 23, 69, 230, 1, 2, 3, 236, 238, 70, 71, 72, 40, 73, 41, 74, 75] -> [23, 41]
Average: Precision: 1.0   Recall: 0.40958607
Average F1: 0.58114374
RANKING PARTIZIONE: 11.0
****************************************
****************************************
[24, 25, 28, 29, 390, 391, 392, 393, 394, 395, 378, 379, 16, 38, 380, 381, 382, 383, 384, 385, 386, 387, 388, 389, 6, 42, 43] -> [386, 381]
[0] -> [0]
[22, 23, 69, 230, 1, 2, 3, 236, 238, 70, 71, 72, 40, 73, 41, 74, 75] -> [23, 41]
Average: Precision: 1.0   Recall: 0.39724037
Average F1: 0.56860703
RANKING PARTIZIONE: 11.0
****************************************
****************************************
[24, 25, 28, 29, 390, 391, 392, 393, 394, 395, 378, 379, 16, 38, 380, 381, 382, 383, 384, 385, 386, 387, 388, 389, 6, 42, 43] -> [378, 16, 43]
[0] -> [0]
[22, 23, 69, 230, 1, 2, 3, 236, 238, 70, 71, 72, 40, 73, 41, 74, 75] -> [75]
Average: Precision: 1.0   Recall: 0.38997826
Average F1: 0.56112856
RANKING PARTIZIONE: 11.0
****************************************
****************************************
[24, 25, 28, 29, 390, 391, 392, 393, 394, 395, 378, 379, 16, 38, 380, 381, 382, 383, 384, 385, 386, 387, 388, 389, 6, 42, 43] -> [378, 379]
[0] -> [0]
[22, 23, 69, 230, 1, 2, 3, 236, 238, 70, 71, 72, 40, 73, 41, 74, 75] -> [23, 41]
Average: Precision: 1.0   Recall: 0.39724037
Average F1: 0.56860703
RANKING PARTIZIONE: 11.0
****************************************
****************************************
[24, 25, 28, 29, 390, 391, 392, 393, 394, 395, 378, 379, 16, 38, 380, 381, 382, 383, 384, 385, 386, 387, 388, 389, 6, 42, 43] -> [378, 16, 43]
[0] -> [0]
[22, 23, 69, 230, 1, 2, 3, 236, 238, 70, 71, 72, 40, 73, 41, 74, 75] -> [23, 41]
Average: Precision: 1.0   Recall: 0.40958607
Average F1: 0.58114374
RANKING PARTIZIONE: 11.0
****************************************
****************************************
[24, 25, 28, 29, 390, 391, 392, 393, 394, 395, 378, 379, 16, 38, 380, 381, 382, 383, 384, 385, 386, 387, 388, 389, 6, 42, 43] -> [378, 379]
[0] -> [0]
[22, 23, 69, 230, 1, 2, 3, 236, 238, 70, 71, 72, 40, 73, 41, 74, 75] -> [23, 41]
Average: Precision: 1.0   Recall: 0.39724037
Average F1: 0.56860703
RANKING PARTIZIONE: 11.0
****************************************
****************************************
[24, 25, 28, 29, 390, 391, 392, 393, 394, 395, 378, 379, 16, 38, 380, 381, 382, 383, 384, 385, 386, 387, 388, 389, 6, 42, 43] -> [378, 16, 379]
[0] -> [0]
[22, 23, 69, 230, 1, 2, 3, 236, 238, 70, 71, 72, 40, 73, 41, 74, 75] -> [75]
Average: Precision: 1.0   Recall: 0.38997826
Average F1: 0.56112856
RANKING PARTIZIONE: 11.0
****************************************
****************************************
[24, 25, 28, 29, 390, 391, 392, 393, 394, 395, 378, 379, 16, 38, 380, 381, 382, 383, 384, 385, 386, 387, 388, 389, 6, 42, 43] -> [378, 16, 379]
[0] -> [0]
[22, 23, 69, 230, 1, 2, 3, 236, 238, 70, 71, 72, 40, 73, 41, 74, 75] -> [23, 41]
Average: Precision: 1.0   Recall: 0.40958607
Average F1: 0.58114374
RANKING PARTIZIONE: 11.0
****************************************
****************************************
[24, 25, 28, 29, 390, 391, 392, 393, 394, 395, 378, 379, 16, 38, 380, 381, 382, 383, 384, 385, 386, 387, 388, 389, 6, 42, 43] -> [380, 43]
[0] -> [0]
[22, 23, 69, 230, 1, 2, 3, 236, 238, 70, 71, 72, 40, 73, 41, 74, 75] -> [75]
Average: Precision: 1.0   Recall: 0.37763253
Average F1: 0.54823405
RANKING PARTIZIONE: 11.0
****************************************
****************************************
[24, 25, 28, 29, 390, 391, 392, 393, 394, 395, 378, 379, 16, 38, 380, 381, 382, 383, 384, 385, 386, 387, 388, 389, 6, 42, 43] -> [380, 43]
[0] -> [0]
[22, 23, 69, 230, 1, 2, 3, 236, 238, 70, 71, 72, 40, 73, 41, 74, 75] -> [75]
Average: Precision: 1.0   Recall: 0.37763253
Average F1: 0.54823405
RANKING PARTIZIONE: 11.0
****************************************
****************************************
[24, 25, 28, 29, 390, 391, 392, 393, 394, 395, 378, 379, 16, 38, 380, 381, 382, 383, 384, 385, 386, 387, 388, 389, 6, 42, 43] -> [378, 379, 43]
[0] -> [0]
[22, 23, 69, 230, 1, 2, 3, 236, 238, 70, 71, 72, 40, 73, 41, 74, 75] -> [23, 41]
Average: Precision: 1.0   Recall: 0.40958607
Average F1: 0.58114374
RANKING PARTIZIONE: 11.0
****************************************
****************************************
[24, 25, 28, 29, 390, 391, 392, 393, 394, 395, 378, 379, 16, 38, 380, 381, 382, 383, 384, 385, 386, 387, 388, 389, 6, 42, 43] -> [378, 389, 38]
[0] -> [0]
[22, 23, 69, 230, 1, 2, 3, 236, 238, 70, 71, 72, 40, 73, 41, 74, 75] -> [75]
Average: Precision: 1.0   Recall: 0.38997826
Average F1: 0.56112856
RANKING PARTIZIONE: 11.0
****************************************
****************************************
[24, 25, 28, 29, 390, 391, 392, 393, 394, 395, 378, 379, 16, 38, 380, 381, 382, 383, 384, 385, 386, 387, 388, 389, 6, 42, 43] -> [378, 379, 43]
[0] -> [0]
[22, 23, 69, 230, 1, 2, 3, 236, 238, 70, 71, 72, 40, 73, 41, 74, 75] -> [23, 41]
Average: Precision: 1.0   Recall: 0.40958607
Average F1: 0.58114374
RANKING PARTIZIONE: 11.0
****************************************
****************************************
[24, 25, 28, 29, 390, 391, 392, 393, 394, 395, 378, 379, 16, 38, 380, 381, 382, 383, 384, 385, 386, 387, 388, 389, 6, 42, 43] -> [378, 389, 38]
[0] -> [0]
[22, 23, 69, 230, 1, 2, 3, 236, 238, 70, 71, 72, 40, 73, 41, 74, 75] -> [23, 41]
Average: Precision: 1.0   Recall: 0.40958607
Average F1: 0.58114374
RANKING PARTIZIONE: 11.0
****************************************
****************************************
[24, 25, 28, 29, 390, 391, 392, 393, 394, 395, 378, 379, 16, 38, 380, 381, 382, 383, 384, 385, 386, 387, 388, 389, 6, 42, 43] -> [378, 379, 43]
[0] -> [0]
[22, 23, 69, 230, 1, 2, 3, 236, 238, 70, 71, 72, 40, 73, 41, 74, 75] -> [23, 41]
Average: Precision: 1.0   Recall: 0.40958607
Average F1: 0.58114374
RANKING PARTIZIONE: 11.0
****************************************
****************************************
[24, 25, 28, 29, 390, 391, 392, 393, 394, 395, 378, 379, 16, 38, 380, 381, 382, 383, 384, 385, 386, 387, 388, 389, 6, 42, 43] -> [378, 379, 43]
[0] -> [0]
[22, 23, 69, 230, 1, 2, 3, 236, 238, 70, 71, 72, 40, 73, 41, 74, 75] -> [23, 41]
Average: Precision: 1.0   Recall: 0.40958607
Average F1: 0.58114374
RANKING PARTIZIONE: 11.0
****************************************
****************************************
[24, 25, 28, 29, 390, 391, 392, 393, 394, 395, 378, 379, 16, 38, 380, 381, 382, 383, 384, 385, 386, 387, 388, 389, 6, 42, 43] -> [378, 379, 43]
[0] -> [0]
[22, 23, 69, 230, 1, 2, 3, 236, 238, 70, 71, 72, 40, 73, 41, 74, 75] -> [75]
Average: Precision: 1.0   Recall: 0.38997826
Average F1: 0.56112856
RANKING PARTIZIONE: 11.0
****************************************
****************************************
[24, 25, 28, 29, 390, 391, 392, 393, 394, 395, 378, 379, 16, 38, 380, 381, 382, 383, 384, 385, 386, 387, 388, 389, 6, 42, 43] -> [378, 16, 43]
[0] -> [0]
[22, 23, 69, 230, 1, 2, 3, 236, 238, 70, 71, 72, 40, 73, 41, 74, 75] -> [23, 41]
Average: Precision: 1.0   Recall: 0.40958607
Average F1: 0.58114374
RANKING PARTIZIONE: 11.0
****************************************
****************************************
[24, 25, 28, 29, 390, 391, 392, 393, 394, 395, 378, 379, 16, 38, 380, 381, 382, 383, 384, 385, 386, 387, 388, 389, 6, 42, 43] -> [378, 16, 379]
[0] -> [0]
[22, 23, 69, 230, 1, 2, 3, 236, 238, 70, 71, 72, 40, 73, 41, 74, 75] -> [23, 41]
Average: Precision: 1.0   Recall: 0.40958607
Average F1: 0.58114374
RANKING PARTIZIONE: 11.0
****************************************
****************************************
[24, 25, 28, 29, 390, 391, 392, 393, 394, 395, 378, 379, 16, 38, 380, 381, 382, 383, 384, 385, 386, 387, 388, 389, 6, 42, 43] -> [378, 389, 38]
[0] -> [0]
[22, 23, 69, 230, 1, 2, 3, 236, 238, 70, 71, 72, 40, 73, 41, 74, 75] -> [75]
Average: Precision: 1.0   Recall: 0.38997826
Average F1: 0.56112856
RANKING PARTIZIONE: 11.0
****************************************
****************************************
[24, 25, 28, 29, 390, 391, 392, 393, 394, 395, 378, 379, 16, 38, 380, 381, 382, 383, 384, 385, 386, 387, 388, 389, 6, 42, 43] -> [378, 389, 38]
[0] -> [0]
[22, 23, 69, 230, 1, 2, 3, 236, 238, 70, 71, 72, 40, 73, 41, 74, 75] -> [23, 41]
Average: Precision: 1.0   Recall: 0.40958607
Average F1: 0.58114374
RANKING PARTIZIONE: 11.0
****************************************
****************************************
[24, 25, 28, 29, 390, 391, 392, 393, 394, 395, 378, 379, 16, 38, 380, 381, 382, 383, 384, 385, 386, 387, 388, 389, 6, 42, 43] -> [391, 384]
[0] -> [0]
[22, 23, 69, 230, 1, 2, 3, 236, 238, 70, 71, 72, 40, 73, 41, 74, 75] -> [23, 41]
Average: Precision: 1.0   Recall: 0.39724037
Average F1: 0.56860703
RANKING PARTIZIONE: 11.0
****************************************
****************************************
[24, 25, 28, 29, 390, 391, 392, 393, 394, 395, 378, 379, 16, 38, 380, 381, 382, 383, 384, 385, 386, 387, 388, 389, 6, 42, 43] -> [378, 16, 43]
[0] -> [0]
[22, 23, 69, 230, 1, 2, 3, 236, 238, 70, 71, 72, 40, 73, 41, 74, 75] -> [23, 41]
Average: Precision: 1.0   Recall: 0.40958607
Average F1: 0.58114374
RANKING PARTIZIONE: 11.0
****************************************
****************************************
[24, 25, 28, 29, 390, 391, 392, 393, 394, 395, 378, 379, 16, 38, 380, 381, 382, 383, 384, 385, 386, 387, 388, 389, 6, 42, 43] -> [378, 389, 38]
[0] -> [0]
[22, 23, 69, 230, 1, 2, 3, 236, 238, 70, 71, 72, 40, 73, 41, 74, 75] -> [23, 41]
Average: Precision: 1.0   Recall: 0.40958607
Average F1: 0.58114374
RANKING PARTIZIONE: 11.0
****************************************
****************************************
[24, 25, 28, 29, 390, 391, 392, 393, 394, 395, 378, 379, 16, 38, 380, 381, 382, 383, 384, 385, 386, 387, 388, 389, 6, 42, 43] -> [378, 389, 38]
[0] -> [0]
[22, 23, 69, 230, 1, 2, 3, 236, 238, 70, 71, 72, 40, 73, 41, 74, 75] -> [23, 41]
Average: Precision: 1.0   Recall: 0.40958607
Average F1: 0.58114374
RANKING PARTIZIONE: 11.0
****************************************
****************************************
[24, 25, 28, 29, 390, 391, 392, 393, 394, 395, 378, 379, 16, 38, 380, 381, 382, 383, 384, 385, 386, 387, 388, 389, 6, 42, 43] -> [378, 16, 379]
[0] -> [0]
[22, 23, 69, 230, 1, 2, 3, 236, 238, 70, 71, 72, 40, 73, 41, 74, 75] -> [23, 41]
Average: Precision: 1.0   Recall: 0.40958607
Average F1: 0.58114374
RANKING PARTIZIONE: 11.0
****************************************
****************************************
[24, 25, 28, 29, 390, 391, 392, 393, 394, 395, 378, 379, 16, 38, 380, 381, 382, 383, 384, 385, 386, 387, 388, 389, 6, 42, 43] -> [378, 379]
[0] -> [0]
[22, 23, 69, 230, 1, 2, 3, 236, 238, 70, 71, 72, 40, 73, 41, 74, 75] -> [75]
Average: Precision: 1.0   Recall: 0.37763253
Average F1: 0.54823405
RANKING PARTIZIONE: 11.0
****************************************
****************************************
[24, 25, 28, 29, 390, 391, 392, 393, 394, 395, 378, 379, 16, 38, 380, 381, 382, 383, 384, 385, 386, 387, 388, 389, 6, 42, 43] -> [378, 389, 38]
[0] -> [0]
[22, 23, 69, 230, 1, 2, 3, 236, 238, 70, 71, 72, 40, 73, 41, 74, 75] -> [23, 41]
Average: Precision: 1.0   Recall: 0.40958607
Average F1: 0.58114374
RANKING PARTIZIONE: 11.0
****************************************
****************************************
[24, 25, 28, 29, 390, 391, 392, 393, 394, 395, 378, 379, 16, 38, 380, 381, 382, 383, 384, 385, 386, 387, 388, 389, 6, 42, 43] -> [378, 379, 43]
[0] -> [0]
[22, 23, 69, 230, 1, 2, 3, 236, 238, 70, 71, 72, 40, 73, 41, 74, 75] -> [75]
Average: Precision: 1.0   Recall: 0.38997826
Average F1: 0.56112856
RANKING PARTIZIONE: 11.0
****************************************
****************************************
[24, 25, 28, 29, 390, 391, 392, 393, 394, 395, 378, 379, 16, 38, 380, 381, 382, 383, 384, 385, 386, 387, 388, 389, 6, 42, 43] -> [378, 379]
[0] -> [0]
[22, 23, 69, 230, 1, 2, 3, 236, 238, 70, 71, 72, 40, 73, 41, 74, 75] -> [75]
Average: Precision: 1.0   Recall: 0.37763253
Average F1: 0.54823405
RANKING PARTIZIONE: 11.0
****************************************
****************************************
[24, 25, 28, 29, 390, 391, 392, 393, 394, 395, 378, 379, 16, 38, 380, 381, 382, 383, 384, 385, 386, 387, 388, 389, 6, 42, 43] -> [386, 381]
[0] -> [0]
[22, 23, 69, 230, 1, 2, 3, 236, 238, 70, 71, 72, 40, 73, 41, 74, 75] -> [75]
Average: Precision: 1.0   Recall: 0.37763253
Average F1: 0.54823405
RANKING PARTIZIONE: 11.0
****************************************
****************************************
[24, 25, 28, 29, 390, 391, 392, 393, 394, 395, 378, 379, 16, 38, 380, 381, 382, 383, 384, 385, 386, 387, 388, 389, 6, 42, 43] -> [378, 379, 43]
[0] -> [0]
[22, 23, 69, 230, 1, 2, 3, 236, 238, 70, 71, 72, 40, 73, 41, 74, 75] -> [75]
Average: Precision: 1.0   Recall: 0.38997826
Average F1: 0.56112856
RANKING PARTIZIONE: 11.0
****************************************
****************************************
[24, 25, 28, 29, 390, 391, 392, 393, 394, 395, 378, 379, 16, 38, 380, 381, 382, 383, 384, 385, 386, 387, 388, 389, 6, 42, 43] -> [378, 379, 43]
[0] -> [0]
[22, 23, 69, 230, 1, 2, 3, 236, 238, 70, 71, 72, 40, 73, 41, 74, 75] -> [75]
Average: Precision: 1.0   Recall: 0.38997826
Average F1: 0.56112856
RANKING PARTIZIONE: 11.0
****************************************
****************************************
[24, 25, 28, 29, 390, 391, 392, 393, 394, 395, 378, 379, 16, 38, 380, 381, 382, 383, 384, 385, 386, 387, 388, 389, 6, 42, 43] -> [378, 379, 43]
[0] -> [0]
[22, 23, 69, 230, 1, 2, 3, 236, 238, 70, 71, 72, 40, 73, 41, 74, 75] -> [75]
Average: Precision: 1.0   Recall: 0.38997826
Average F1: 0.56112856
RANKING PARTIZIONE: 11.0
****************************************
****************************************
[24, 25, 28, 29, 390, 391, 392, 393, 394, 395, 378, 379, 16, 38, 380, 381, 382, 383, 384, 385, 386, 387, 388, 389, 6, 42, 43] -> [378, 379, 43]
[0] -> [0]
[22, 23, 69, 230, 1, 2, 3, 236, 238, 70, 71, 72, 40, 73, 41, 74, 75] -> [75]
Average: Precision: 1.0   Recall: 0.38997826
Average F1: 0.56112856
RANKING PARTIZIONE: 11.0
****************************************
****************************************
[24, 25, 28, 29, 390, 391, 392, 393, 394, 395, 378, 379, 16, 38, 380, 381, 382, 383, 384, 385, 386, 387, 388, 389, 6, 42, 43] -> [378, 16, 379]
[0] -> [0]
[22, 23, 69, 230, 1, 2, 3, 236, 238, 70, 71, 72, 40, 73, 41, 74, 75] -> [23, 41]
Average: Precision: 1.0   Recall: 0.40958607
Average F1: 0.58114374
RANKING PARTIZIONE: 11.0
****************************************
****************************************
[24, 25, 28, 29, 390, 391, 392, 393, 394, 395, 378, 379, 16, 38, 380, 381, 382, 383, 384, 385, 386, 387, 388, 389, 6, 42, 43] -> [378, 16, 379]
[0] -> [0]
[22, 23, 69, 230, 1, 2, 3, 236, 238, 70, 71, 72, 40, 73, 41, 74, 75] -> [23, 41]
Average: Precision: 1.0   Recall: 0.40958607
Average F1: 0.58114374
RANKING PARTIZIONE: 11.0
****************************************
****************************************
[24, 25, 28, 29, 390, 391, 392, 393, 394, 395, 378, 379, 16, 38, 380, 381, 382, 383, 384, 385, 386, 387, 388, 389, 6, 42, 43] -> [6, 391, 394]
[0] -> [0]
[22, 23, 69, 230, 1, 2, 3, 236, 238, 70, 71, 72, 40, 73, 41, 74, 75] -> [23, 41]
Average: Precision: 1.0   Recall: 0.40958607
Average F1: 0.58114374
RANKING PARTIZIONE: 11.0
****************************************
****************************************
[24, 25, 28, 29, 390, 391, 392, 393, 394, 395, 378, 379, 16, 38, 380, 381, 382, 383, 384, 385, 386, 387, 388, 389, 6, 42, 43] -> [6, 391, 394]
[0] -> [0]
[22, 23, 69, 230, 1, 2, 3, 236, 238, 70, 71, 72, 40, 73, 41, 74, 75] -> [23, 41]
Average: Precision: 1.0   Recall: 0.40958607
Average F1: 0.58114374
RANKING PARTIZIONE: 11.0
****************************************
****************************************
[24, 25, 28, 29, 390, 391, 392, 393, 394, 395, 378, 379, 16, 38, 380, 381, 382, 383, 384, 385, 386, 387, 388, 389, 6, 42, 43] -> [378, 16, 43]
[0] -> [0]
[22, 23, 69, 230, 1, 2, 3, 236, 238, 70, 71, 72, 40, 73, 41, 74, 75] -> [23, 41]
Average: Precision: 1.0   Recall: 0.40958607
Average F1: 0.58114374
RANKING PARTIZIONE: 11.0
****************************************
****************************************
[24, 25, 28, 29, 390, 391, 392, 393, 394, 395, 378, 379, 16, 38, 380, 381, 382, 383, 384, 385, 386, 387, 388, 389, 6, 42, 43] -> [378, 16, 379]
[0] -> [0]
[22, 23, 69, 230, 1, 2, 3, 236, 238, 70, 71, 72, 40, 73, 41, 74, 75] -> [75]
Average: Precision: 1.0   Recall: 0.38997826
Average F1: 0.56112856
RANKING PARTIZIONE: 11.0
****************************************
****************************************
[24, 25, 28, 29, 390, 391, 392, 393, 394, 395, 378, 379, 16, 38, 380, 381, 382, 383, 384, 385, 386, 387, 388, 389, 6, 42, 43] -> [378, 389, 38]
[0] -> [0]
[22, 23, 69, 230, 1, 2, 3, 236, 238, 70, 71, 72, 40, 73, 41, 74, 75] -> [23, 41]
Average: Precision: 1.0   Recall: 0.40958607
Average F1: 0.58114374
RANKING PARTIZIONE: 11.0
****************************************
****************************************
[24, 25, 28, 29, 390, 391, 392, 393, 394, 395, 378, 379, 16, 38, 380, 381, 382, 383, 384, 385, 386, 387, 388, 389, 6, 42, 43] -> [380, 43]
[0] -> [0]
[22, 23, 69, 230, 1, 2, 3, 236, 238, 70, 71, 72, 40, 73, 41, 74, 75] -> [23, 41]
Average: Precision: 1.0   Recall: 0.39724037
Average F1: 0.56860703
RANKING PARTIZIONE: 11.0
****************************************
****************************************
[24, 25, 28, 29, 390, 391, 392, 393, 394, 395, 378, 379, 16, 38, 380, 381, 382, 383, 384, 385, 386, 387, 388, 389, 6, 42, 43] -> [378, 16, 379]
[0] -> [0]
[22, 23, 69, 230, 1, 2, 3, 236, 238, 70, 71, 72, 40, 73, 41, 74, 75] -> [75]
Average: Precision: 1.0   Recall: 0.38997826
Average F1: 0.56112856
RANKING PARTIZIONE: 11.0
****************************************
****************************************
[24, 25, 28, 29, 390, 391, 392, 393, 394, 395, 378, 379, 16, 38, 380, 381, 382, 383, 384, 385, 386, 387, 388, 389, 6, 42, 43] -> [378, 389, 38]
[0] -> [0]
[22, 23, 69, 230, 1, 2, 3, 236, 238, 70, 71, 72, 40, 73, 41, 74, 75] -> [75]
Average: Precision: 1.0   Recall: 0.38997826
Average F1: 0.56112856
RANKING PARTIZIONE: 11.0
****************************************
****************************************
[24, 25, 28, 29, 390, 391, 392, 393, 394, 395, 378, 379, 16, 38, 380, 381, 382, 383, 384, 385, 386, 387, 388, 389, 6, 42, 43] -> [380, 43]
[0] -> [0]
[22, 23, 69, 230, 1, 2, 3, 236, 238, 70, 71, 72, 40, 73, 41, 74, 75] -> [75]
Average: Precision: 1.0   Recall: 0.37763253
Average F1: 0.54823405
RANKING PARTIZIONE: 11.0
****************************************
****************************************
[24, 25, 28, 29, 390, 391, 392, 393, 394, 395, 378, 379, 16, 38, 380, 381, 382, 383, 384, 385, 386, 387, 388, 389, 6, 42, 43] -> [380, 43]
[0] -> [0]
[22, 23, 69, 230, 1, 2, 3, 236, 238, 70, 71, 72, 40, 73, 41, 74, 75] -> [23, 41]
Average: Precision: 1.0   Recall: 0.39724037
Average F1: 0.56860703
RANKING PARTIZIONE: 11.0
****************************************
****************************************
[24, 25, 28, 29, 390, 391, 392, 393, 394, 395, 378, 379, 16, 38, 380, 381, 382, 383, 384, 385, 386, 387, 388, 389, 6, 42, 43] -> [389, 6, 42, 384]
[0] -> [0]
[22, 23, 69, 230, 1, 2, 3, 236, 238, 70, 71, 72, 40, 73, 41, 74, 75] -> [23, 41]
Average: Precision: 1.0   Recall: 0.42193174
Average F1: 0.5934627
RANKING PARTIZIONE: 11.0
****************************************
****************************************
[24, 25, 28, 29, 390, 391, 392, 393, 394, 395, 378, 379, 16, 38, 380, 381, 382, 383, 384, 385, 386, 387, 388, 389, 6, 42, 43] -> [378, 16, 379]
[0] -> [0]
[22, 23, 69, 230, 1, 2, 3, 236, 238, 70, 71, 72, 40, 73, 41, 74, 75] -> [23, 41]
Average: Precision: 1.0   Recall: 0.40958607
Average F1: 0.58114374
RANKING PARTIZIONE: 11.0
****************************************
****************************************
[24, 25, 28, 29, 390, 391, 392, 393, 394, 395, 378, 379, 16, 38, 380, 381, 382, 383, 384, 385, 386, 387, 388, 389, 6, 42, 43] -> [380, 43]
[0] -> [0]
[22, 23, 69, 230, 1, 2, 3, 236, 238, 70, 71, 72, 40, 73, 41, 74, 75] -> [75]
Average: Precision: 1.0   Recall: 0.37763253
Average F1: 0.54823405
RANKING PARTIZIONE: 11.0
****************************************
****************************************
[24, 25, 28, 29, 390, 391, 392, 393, 394, 395, 378, 379, 16, 38, 380, 381, 382, 383, 384, 385, 386, 387, 388, 389, 6, 42, 43] -> [378, 379]
[0] -> [0]
[22, 23, 69, 230, 1, 2, 3, 236, 238, 70, 71, 72, 40, 73, 41, 74, 75] -> [75]
Average: Precision: 1.0   Recall: 0.37763253
Average F1: 0.54823405
RANKING PARTIZIONE: 11.0
****************************************
****************************************
[24, 25, 28, 29, 390, 391, 392, 393, 394, 395, 378, 379, 16, 38, 380, 381, 382, 383, 384, 385, 386, 387, 388, 389, 6, 42, 43] -> [378, 379]
[0] -> [0]
[22, 23, 69, 230, 1, 2, 3, 236, 238, 70, 71, 72, 40, 73, 41, 74, 75] -> [75]
Average: Precision: 1.0   Recall: 0.37763253
Average F1: 0.54823405
RANKING PARTIZIONE: 11.0
****************************************
****************************************
[24, 25, 28, 29, 390, 391, 392, 393, 394, 395, 378, 379, 16, 38, 380, 381, 382, 383, 384, 385, 386, 387, 388, 389, 6, 42, 43] -> [378, 379]
[0] -> [0]
[22, 23, 69, 230, 1, 2, 3, 236, 238, 70, 71, 72, 40, 73, 41, 74, 75] -> [23, 41]
Average: Precision: 1.0   Recall: 0.39724037
Average F1: 0.56860703
RANKING PARTIZIONE: 11.0
****************************************
****************************************
[24, 25, 28, 29, 390, 391, 392, 393, 394, 395, 378, 379, 16, 38, 380, 381, 382, 383, 384, 385, 386, 387, 388, 389, 6, 42, 43] -> [378, 379]
[0] -> [0]
[22, 23, 69, 230, 1, 2, 3, 236, 238, 70, 71, 72, 40, 73, 41, 74, 75] -> [23, 41]
Average: Precision: 1.0   Recall: 0.39724037
Average F1: 0.56860703
RANKING PARTIZIONE: 11.0
****************************************
****************************************
[24, 25, 28, 29, 390, 391, 392, 393, 394, 395, 378, 379, 16, 38, 380, 381, 382, 383, 384, 385, 386, 387, 388, 389, 6, 42, 43] -> [24, 387, 38, 6, 390, 381, 382, 395]
[0] -> [0]
[22, 23, 69, 230, 1, 2, 3, 236, 238, 70, 71, 72, 40, 73, 41, 74, 75] -> [23, 41]
Average: Precision: 1.0   Recall: 0.47131446
Average F1: 0.6406713
RANKING PARTIZIONE: 11.0
****************************************
****************************************
[24, 25, 28, 29, 390, 391, 392, 393, 394, 395, 378, 379, 16, 38, 380, 381, 382, 383, 384, 385, 386, 387, 388, 389, 6, 42, 43] -> [380, 43]
[0] -> [0]
[22, 23, 69, 230, 1, 2, 3, 236, 238, 70, 71, 72, 40, 73, 41, 74, 75] -> [23, 41]
Average: Precision: 1.0   Recall: 0.39724037
Average F1: 0.56860703
RANKING PARTIZIONE: 11.0
****************************************
****************************************
[24, 25, 28, 29, 390, 391, 392, 393, 394, 395, 378, 379, 16, 38, 380, 381, 382, 383, 384, 385, 386, 387, 388, 389, 6, 42, 43] -> [380, 43]
[0] -> [0]
[22, 23, 69, 230, 1, 2, 3, 236, 238, 70, 71, 72, 40, 73, 41, 74, 75] -> [23, 41]
Average: Precision: 1.0   Recall: 0.39724037
Average F1: 0.56860703
RANKING PARTIZIONE: 11.0
****************************************
****************************************
[24, 25, 28, 29, 390, 391, 392, 393, 394, 395, 378, 379, 16, 38, 380, 381, 382, 383, 384, 385, 386, 387, 388, 389, 6, 42, 43] -> [380, 43]
[0] -> [0]
[22, 23, 69, 230, 1, 2, 3, 236, 238, 70, 71, 72, 40, 73, 41, 74, 75] -> [23, 41]
Average: Precision: 1.0   Recall: 0.39724037
Average F1: 0.56860703
RANKING PARTIZIONE: 11.0
****************************************
****************************************
[24, 25, 28, 29, 390, 391, 392, 393, 394, 395, 378, 379, 16, 38, 380, 381, 382, 383, 384, 385, 386, 387, 388, 389, 6, 42, 43] -> [380, 43]
[0] -> [0]
[22, 23, 69, 230, 1, 2, 3, 236, 238, 70, 71, 72, 40, 73, 41, 74, 75] -> [23, 41]
Average: Precision: 1.0   Recall: 0.39724037
Average F1: 0.56860703
RANKING PARTIZIONE: 11.0
****************************************
****************************************
[24, 25, 28, 29, 390, 391, 392, 393, 394, 395, 378, 379, 16, 38, 380, 381, 382, 383, 384, 385, 386, 387, 388, 389, 6, 42, 43] -> [380, 43]
[0] -> [0]
[22, 23, 69, 230, 1, 2, 3, 236, 238, 70, 71, 72, 40, 73, 41, 74, 75] -> [23, 41]
Average: Precision: 1.0   Recall: 0.39724037
Average F1: 0.56860703
RANKING PARTIZIONE: 11.0
****************************************
****************************************
[24, 25, 28, 29, 390, 391, 392, 393, 394, 395, 378, 379, 16, 38, 380, 381, 382, 383, 384, 385, 386, 387, 388, 389, 6, 42, 43] -> [380, 43]
[0] -> [0]
[22, 23, 69, 230, 1, 2, 3, 236, 238, 70, 71, 72, 40, 73, 41, 74, 75] -> [75]
Average: Precision: 1.0   Recall: 0.37763253
Average F1: 0.54823405
RANKING PARTIZIONE: 11.0
****************************************
****************************************
[24, 25, 28, 29, 390, 391, 392, 393, 394, 395, 378, 379, 16, 38, 380, 381, 382, 383, 384, 385, 386, 387, 388, 389, 6, 42, 43] -> [380, 43]
[0] -> [0]
[22, 23, 69, 230, 1, 2, 3, 236, 238, 70, 71, 72, 40, 73, 41, 74, 75] -> [75]
Average: Precision: 1.0   Recall: 0.37763253
Average F1: 0.54823405
RANKING PARTIZIONE: 11.0
****************************************
****************************************
[24, 25, 28, 29, 390, 391, 392, 393, 394, 395, 378, 379, 16, 38, 380, 381, 382, 383, 384, 385, 386, 387, 388, 389, 6, 42, 43] -> [380, 43]
[0] -> [0]
[22, 23, 69, 230, 1, 2, 3, 236, 238, 70, 71, 72, 40, 73, 41, 74, 75] -> [75]
Average: Precision: 1.0   Recall: 0.37763253
Average F1: 0.54823405
RANKING PARTIZIONE: 11.0
****************************************
****************************************
[24, 25, 28, 29, 390, 391, 392, 393, 394, 395, 378, 379, 16, 38, 380, 381, 382, 383, 384, 385, 386, 387, 388, 389, 6, 42, 43] -> [380, 43]
[0] -> [0]
[22, 23, 69, 230, 1, 2, 3, 236, 238, 70, 71, 72, 40, 73, 41, 74, 75] -> [75]
Average: Precision: 1.0   Recall: 0.37763253
Average F1: 0.54823405
RANKING PARTIZIONE: 11.0
****************************************
****************************************
[24, 25, 28, 29, 390, 391, 392, 393, 394, 395, 378, 379, 16, 38, 380, 381, 382, 383, 384, 385, 386, 387, 388, 389, 6, 42, 43] -> [6, 391, 394]
[0] -> [0]
[22, 23, 69, 230, 1, 2, 3, 236, 238, 70, 71, 72, 40, 73, 41, 74, 75] -> [23, 41]
Average: Precision: 1.0   Recall: 0.40958607
Average F1: 0.58114374
RANKING PARTIZIONE: 11.0
****************************************
****************************************
[24, 25, 28, 29, 390, 391, 392, 393, 394, 395, 378, 379, 16, 38, 380, 381, 382, 383, 384, 385, 386, 387, 388, 389, 6, 42, 43] -> [6, 391, 394]
[0] -> [0]
[22, 23, 69, 230, 1, 2, 3, 236, 238, 70, 71, 72, 40, 73, 41, 74, 75] -> [23, 41]
Average: Precision: 1.0   Recall: 0.40958607
Average F1: 0.58114374
RANKING PARTIZIONE: 11.0
****************************************
****************************************
[24, 25, 28, 29, 390, 391, 392, 393, 394, 395, 378, 379, 16, 38, 380, 381, 382, 383, 384, 385, 386, 387, 388, 389, 6, 42, 43] -> [6, 391, 394]
[0] -> [0]
[22, 23, 69, 230, 1, 2, 3, 236, 238, 70, 71, 72, 40, 73, 41, 74, 75] -> [23, 41]
Average: Precision: 1.0   Recall: 0.40958607
Average F1: 0.58114374
RANKING PARTIZIONE: 11.0
****************************************
****************************************
[24, 25, 28, 29, 390, 391, 392, 393, 394, 395, 378, 379, 16, 38, 380, 381, 382, 383, 384, 385, 386, 387, 388, 389, 6, 42, 43] -> [6, 391, 394]
[0] -> [0]
[22, 23, 69, 230, 1, 2, 3, 236, 238, 70, 71, 72, 40, 73, 41, 74, 75] -> [23, 41]
Average: Precision: 1.0   Recall: 0.40958607
Average F1: 0.58114374
RANKING PARTIZIONE: 11.0
****************************************
****************************************
[24, 25, 28, 29, 390, 391, 392, 393, 394, 395, 378, 379, 16, 38, 380, 381, 382, 383, 384, 385, 386, 387, 388, 389, 6, 42, 43] -> [389, 6, 42, 384]
[0] -> [0]
[22, 23, 69, 230, 1, 2, 3, 236, 238, 70, 71, 72, 40, 73, 41, 74, 75] -> [23, 41]
Average: Precision: 1.0   Recall: 0.42193174
Average F1: 0.5934627
RANKING PARTIZIONE: 11.0
****************************************
****************************************
[24, 25, 28, 29, 390, 391, 392, 393, 394, 395, 378, 379, 16, 38, 380, 381, 382, 383, 384, 385, 386, 387, 388, 389, 6, 42, 43] -> [28, 43]
[0] -> [0]
[22, 23, 69, 230, 1, 2, 3, 236, 238, 70, 71, 72, 40, 73, 41, 74, 75] -> [23, 41]
Average: Precision: 1.0   Recall: 0.39724037
Average F1: 0.56860703
RANKING PARTIZIONE: 11.0
****************************************
****************************************
[24, 25, 28, 29, 390, 391, 392, 393, 394, 395, 378, 379, 16, 38, 380, 381, 382, 383, 384, 385, 386, 387, 388, 389, 6, 42, 43] -> [28, 43]
[0] -> [0]
[22, 23, 69, 230, 1, 2, 3, 236, 238, 70, 71, 72, 40, 73, 41, 74, 75] -> [23, 41]
Average: Precision: 1.0   Recall: 0.39724037
Average F1: 0.56860703
RANKING PARTIZIONE: 11.0
****************************************
****************************************
[24, 25, 28, 29, 390, 391, 392, 393, 394, 395, 378, 379, 16, 38, 380, 381, 382, 383, 384, 385, 386, 387, 388, 389, 6, 42, 43] -> [28, 43]
[0] -> [0]
[22, 23, 69, 230, 1, 2, 3, 236, 238, 70, 71, 72, 40, 73, 41, 74, 75] -> [23, 41]
Average: Precision: 1.0   Recall: 0.39724037
Average F1: 0.56860703
RANKING PARTIZIONE: 11.0
****************************************
****************************************
[24, 25, 28, 29, 390, 391, 392, 393, 394, 395, 378, 379, 16, 38, 380, 381, 382, 383, 384, 385, 386, 387, 388, 389, 6, 42, 43] -> [28, 43]
[0] -> [0]
[22, 23, 69, 230, 1, 2, 3, 236, 238, 70, 71, 72, 40, 73, 41, 74, 75] -> [23, 41]
Average: Precision: 1.0   Recall: 0.39724037
Average F1: 0.56860703
RANKING PARTIZIONE: 11.0
****************************************
****************************************
[24, 25, 28, 29, 390, 391, 392, 393, 394, 395, 378, 379, 16, 38, 380, 381, 382, 383, 384, 385, 386, 387, 388, 389, 6, 42, 43] -> [28, 43]
[0] -> [0]
[22, 23, 69, 230, 1, 2, 3, 236, 238, 70, 71, 72, 40, 73, 41, 74, 75] -> [23, 41]
Average: Precision: 1.0   Recall: 0.39724037
Average F1: 0.56860703
RANKING PARTIZIONE: 11.0
****************************************
****************************************
[24, 25, 28, 29, 390, 391, 392, 393, 394, 395, 378, 379, 16, 38, 380, 381, 382, 383, 384, 385, 386, 387, 388, 389, 6, 42, 43] -> [28, 43]
[0] -> [0]
[22, 23, 69, 230, 1, 2, 3, 236, 238, 70, 71, 72, 40, 73, 41, 74, 75] -> [23, 41]
Average: Precision: 1.0   Recall: 0.39724037
Average F1: 0.56860703
RANKING PARTIZIONE: 11.0
****************************************
****************************************
[24, 25, 28, 29, 390, 391, 392, 393, 394, 395, 378, 379, 16, 38, 380, 381, 382, 383, 384, 385, 386, 387, 388, 389, 6, 42, 43] -> [28, 43]
[0] -> [0]
[22, 23, 69, 230, 1, 2, 3, 236, 238, 70, 71, 72, 40, 73, 41, 74, 75] -> [23, 41]
Average: Precision: 1.0   Recall: 0.39724037
Average F1: 0.56860703
RANKING PARTIZIONE: 11.0
****************************************
****************************************
[24, 25, 28, 29, 390, 391, 392, 393, 394, 395, 378, 379, 16, 38, 380, 381, 382, 383, 384, 385, 386, 387, 388, 389, 6, 42, 43] -> [42, 384]
[0] -> [0]
[22, 23, 69, 230, 1, 2, 3, 236, 238, 70, 71, 72, 40, 73, 41, 74, 75] -> [23, 41]
Average: Precision: 1.0   Recall: 0.39724037
Average F1: 0.56860703
RANKING PARTIZIONE: 11.0
****************************************
****************************************
[24, 25, 28, 29, 390, 391, 392, 393, 394, 395, 378, 379, 16, 38, 380, 381, 382, 383, 384, 385, 386, 387, 388, 389, 6, 42, 43] -> [42, 384]
[0] -> [0]
[22, 23, 69, 230, 1, 2, 3, 236, 238, 70, 71, 72, 40, 73, 41, 74, 75] -> [23, 41]
Average: Precision: 1.0   Recall: 0.39724037
Average F1: 0.56860703
RANKING PARTIZIONE: 11.0
****************************************
****************************************
[24, 25, 28, 29, 390, 391, 392, 393, 394, 395, 378, 379, 16, 38, 380, 381, 382, 383, 384, 385, 386, 387, 388, 389, 6, 42, 43] -> [389, 6, 42, 384]
[0] -> [0]
[22, 23, 69, 230, 1, 2, 3, 236, 238, 70, 71, 72, 40, 73, 41, 74, 75] -> [23, 41]
Average: Precision: 1.0   Recall: 0.42193174
Average F1: 0.5934627
RANKING PARTIZIONE: 11.0
****************************************
****************************************
[24, 25, 28, 29, 390, 391, 392, 393, 394, 395, 378, 379, 16, 38, 380, 381, 382, 383, 384, 385, 386, 387, 388, 389, 6, 42, 43] -> [378, 389, 38]
[0] -> [0]
[22, 23, 69, 230, 1, 2, 3, 236, 238, 70, 71, 72, 40, 73, 41, 74, 75] -> [75]
Average: Precision: 1.0   Recall: 0.38997826
Average F1: 0.56112856
RANKING PARTIZIONE: 11.0
****************************************
****************************************
[24, 25, 28, 29, 390, 391, 392, 393, 394, 395, 378, 379, 16, 38, 380, 381, 382, 383, 384, 385, 386, 387, 388, 389, 6, 42, 43] -> [378, 389, 38]
[0] -> [0]
[22, 23, 69, 230, 1, 2, 3, 236, 238, 70, 71, 72, 40, 73, 41, 74, 75] -> [75]
Average: Precision: 1.0   Recall: 0.38997826
Average F1: 0.56112856
RANKING PARTIZIONE: 11.0
****************************************
****************************************
[24, 25, 28, 29, 390, 391, 392, 393, 394, 395, 378, 379, 16, 38, 380, 381, 382, 383, 384, 385, 386, 387, 388, 389, 6, 42, 43] -> [378, 389, 38]
[0] -> [0]
[22, 23, 69, 230, 1, 2, 3, 236, 238, 70, 71, 72, 40, 73, 41, 74, 75] -> [23, 41]
Average: Precision: 1.0   Recall: 0.40958607
Average F1: 0.58114374
RANKING PARTIZIONE: 11.0
****************************************
****************************************
[24, 25, 28, 29, 390, 391, 392, 393, 394, 395, 378, 379, 16, 38, 380, 381, 382, 383, 384, 385, 386, 387, 388, 389, 6, 42, 43] -> [378, 389, 38]
[0] -> [0]
[22, 23, 69, 230, 1, 2, 3, 236, 238, 70, 71, 72, 40, 73, 41, 74, 75] -> [23, 41]
Average: Precision: 1.0   Recall: 0.40958607
Average F1: 0.58114374
RANKING PARTIZIONE: 11.0
****************************************
****************************************
[24, 25, 28, 29, 390, 391, 392, 393, 394, 395, 378, 379, 16, 38, 380, 381, 382, 383, 384, 385, 386, 387, 388, 389, 6, 42, 43] -> [378, 16, 379]
[0] -> [0]
[22, 23, 69, 230, 1, 2, 3, 236, 238, 70, 71, 72, 40, 73, 41, 74, 75] -> [23, 41]
Average: Precision: 1.0   Recall: 0.40958607
Average F1: 0.58114374
RANKING PARTIZIONE: 11.0
****************************************
****************************************
[24, 25, 28, 29, 390, 391, 392, 393, 394, 395, 378, 379, 16, 38, 380, 381, 382, 383, 384, 385, 386, 387, 388, 389, 6, 42, 43] -> [378, 379]
[0] -> [0]
[22, 23, 69, 230, 1, 2, 3, 236, 238, 70, 71, 72, 40, 73, 41, 74, 75] -> [23, 41]
Average: Precision: 1.0   Recall: 0.39724037
Average F1: 0.56860703
RANKING PARTIZIONE: 11.0
****************************************
****************************************
[24, 25, 28, 29, 390, 391, 392, 393, 394, 395, 378, 379, 16, 38, 380, 381, 382, 383, 384, 385, 386, 387, 388, 389, 6, 42, 43] -> [378, 379]
[0] -> [0]
[22, 23, 69, 230, 1, 2, 3, 236, 238, 70, 71, 72, 40, 73, 41, 74, 75] -> [23, 41]
Average: Precision: 1.0   Recall: 0.39724037
Average F1: 0.56860703
RANKING PARTIZIONE: 11.0
****************************************
****************************************
[24, 25, 28, 29, 390, 391, 392, 393, 394, 395, 378, 379, 16, 38, 380, 381, 382, 383, 384, 385, 386, 387, 388, 389, 6, 42, 43] -> [378, 379]
[0] -> [0]
[22, 23, 69, 230, 1, 2, 3, 236, 238, 70, 71, 72, 40, 73, 41, 74, 75] -> [23, 41]
Average: Precision: 1.0   Recall: 0.39724037
Average F1: 0.56860703
RANKING PARTIZIONE: 11.0
****************************************
****************************************
[24, 25, 28, 29, 390, 391, 392, 393, 394, 395, 378, 379, 16, 38, 380, 381, 382, 383, 384, 385, 386, 387, 388, 389, 6, 42, 43] -> [378, 379]
[0] -> [0]
[22, 23, 69, 230, 1, 2, 3, 236, 238, 70, 71, 72, 40, 73, 41, 74, 75] -> [23, 41]
Average: Precision: 1.0   Recall: 0.39724037
Average F1: 0.56860703
RANKING PARTIZIONE: 11.0
****************************************
****************************************
[24, 25, 28, 29, 390, 391, 392, 393, 394, 395, 378, 379, 16, 38, 380, 381, 382, 383, 384, 385, 386, 387, 388, 389, 6, 42, 43] -> [378, 379]
[0] -> [0]
[22, 23, 69, 230, 1, 2, 3, 236, 238, 70, 71, 72, 40, 73, 41, 74, 75] -> [23, 41]
Average: Precision: 1.0   Recall: 0.39724037
Average F1: 0.56860703
RANKING PARTIZIONE: 11.0
****************************************
****************************************
[24, 25, 28, 29, 390, 391, 392, 393, 394, 395, 378, 379, 16, 38, 380, 381, 382, 383, 384, 385, 386, 387, 388, 389, 6, 42, 43] -> [378, 379]
[0] -> [0]
[22, 23, 69, 230, 1, 2, 3, 236, 238, 70, 71, 72, 40, 73, 41, 74, 75] -> [23, 41]
Average: Precision: 1.0   Recall: 0.39724037
Average F1: 0.56860703
RANKING PARTIZIONE: 11.0
****************************************
****************************************
[24, 25, 28, 29, 390, 391, 392, 393, 394, 395, 378, 379, 16, 38, 380, 381, 382, 383, 384, 385, 386, 387, 388, 389, 6, 42, 43] -> [378, 379]
[0] -> [0]
[22, 23, 69, 230, 1, 2, 3, 236, 238, 70, 71, 72, 40, 73, 41, 74, 75] -> [23, 41]
Average: Precision: 1.0   Recall: 0.39724037
Average F1: 0.56860703
RANKING PARTIZIONE: 11.0
****************************************
****************************************
[24, 25, 28, 29, 390, 391, 392, 393, 394, 395, 378, 379, 16, 38, 380, 381, 382, 383, 384, 385, 386, 387, 388, 389, 6, 42, 43] -> [378, 379]
[0] -> [0]
[22, 23, 69, 230, 1, 2, 3, 236, 238, 70, 71, 72, 40, 73, 41, 74, 75] -> [75]
Average: Precision: 1.0   Recall: 0.37763253
Average F1: 0.54823405
RANKING PARTIZIONE: 11.0
****************************************
****************************************
[24, 25, 28, 29, 390, 391, 392, 393, 394, 395, 378, 379, 16, 38, 380, 381, 382, 383, 384, 385, 386, 387, 388, 389, 6, 42, 43] -> [378, 379]
[0] -> [0]
[22, 23, 69, 230, 1, 2, 3, 236, 238, 70, 71, 72, 40, 73, 41, 74, 75] -> [75]
Average: Precision: 1.0   Recall: 0.37763253
Average F1: 0.54823405
RANKING PARTIZIONE: 11.0
****************************************
****************************************
[24, 25, 28, 29, 390, 391, 392, 393, 394, 395, 378, 379, 16, 38, 380, 381, 382, 383, 384, 385, 386, 387, 388, 389, 6, 42, 43] -> [378, 16, 379]
[0] -> [0]
[22, 23, 69, 230, 1, 2, 3, 236, 238, 70, 71, 72, 40, 73, 41, 74, 75] -> [23, 41]
Average: Precision: 1.0   Recall: 0.40958607
Average F1: 0.58114374
RANKING PARTIZIONE: 11.0
****************************************
****************************************
[24, 25, 28, 29, 390, 391, 392, 393, 394, 395, 378, 379, 16, 38, 380, 381, 382, 383, 384, 385, 386, 387, 388, 389, 6, 42, 43] -> [378, 16, 43]
[0] -> [0]
[22, 23, 69, 230, 1, 2, 3, 236, 238, 70, 71, 72, 40, 73, 41, 74, 75] -> [75]
Average: Precision: 1.0   Recall: 0.38997826
Average F1: 0.56112856
RANKING PARTIZIONE: 11.0
****************************************
****************************************
[24, 25, 28, 29, 390, 391, 392, 393, 394, 395, 378, 379, 16, 38, 380, 381, 382, 383, 384, 385, 386, 387, 388, 389, 6, 42, 43] -> [378, 16, 43]
[0] -> [0]
[22, 23, 69, 230, 1, 2, 3, 236, 238, 70, 71, 72, 40, 73, 41, 74, 75] -> [75]
Average: Precision: 1.0   Recall: 0.38997826
Average F1: 0.56112856
RANKING PARTIZIONE: 11.0
****************************************
****************************************
[24, 25, 28, 29, 390, 391, 392, 393, 394, 395, 378, 379, 16, 38, 380, 381, 382, 383, 384, 385, 386, 387, 388, 389, 6, 42, 43] -> [378, 16, 43]
[0] -> [0]
[22, 23, 69, 230, 1, 2, 3, 236, 238, 70, 71, 72, 40, 73, 41, 74, 75] -> [23, 41]
Average: Precision: 1.0   Recall: 0.40958607
Average F1: 0.58114374
RANKING PARTIZIONE: 11.0
****************************************
****************************************
[24, 25, 28, 29, 390, 391, 392, 393, 394, 395, 378, 379, 16, 38, 380, 381, 382, 383, 384, 385, 386, 387, 388, 389, 6, 42, 43] -> [378, 16, 43]
[0] -> [0]
[22, 23, 69, 230, 1, 2, 3, 236, 238, 70, 71, 72, 40, 73, 41, 74, 75] -> [23, 41]
Average: Precision: 1.0   Recall: 0.40958607
Average F1: 0.58114374
RANKING PARTIZIONE: 11.0
****************************************
****************************************
[24, 25, 28, 29, 390, 391, 392, 393, 394, 395, 378, 379, 16, 38, 380, 381, 382, 383, 384, 385, 386, 387, 388, 389, 6, 42, 43] -> [378, 379]
[0] -> [0]
[22, 23, 69, 230, 1, 2, 3, 236, 238, 70, 71, 72, 40, 73, 41, 74, 75] -> [75]
Average: Precision: 1.0   Recall: 0.37763253
Average F1: 0.54823405
RANKING PARTIZIONE: 11.0
****************************************
****************************************
[24, 25, 28, 29, 390, 391, 392, 393, 394, 395, 378, 379, 16, 38, 380, 381, 382, 383, 384, 385, 386, 387, 388, 389, 6, 42, 43] -> [378, 379]
[0] -> [0]
[22, 23, 69, 230, 1, 2, 3, 236, 238, 70, 71, 72, 40, 73, 41, 74, 75] -> [75]
Average: Precision: 1.0   Recall: 0.37763253
Average F1: 0.54823405
RANKING PARTIZIONE: 11.0
****************************************
****************************************
[24, 25, 28, 29, 390, 391, 392, 393, 394, 395, 378, 379, 16, 38, 380, 381, 382, 383, 384, 385, 386, 387, 388, 389, 6, 42, 43] -> [378, 16, 379]
[0] -> [0]
[22, 23, 69, 230, 1, 2, 3, 236, 238, 70, 71, 72, 40, 73, 41, 74, 75] -> [75]
Average: Precision: 1.0   Recall: 0.38997826
Average F1: 0.56112856
RANKING PARTIZIONE: 11.0
****************************************
****************************************
[24, 25, 28, 29, 390, 391, 392, 393, 394, 395, 378, 379, 16, 38, 380, 381, 382, 383, 384, 385, 386, 387, 388, 389, 6, 42, 43] -> [378, 379]
[0] -> [0]
[22, 23, 69, 230, 1, 2, 3, 236, 238, 70, 71, 72, 40, 73, 41, 74, 75] -> [75]
Average: Precision: 1.0   Recall: 0.37763253
Average F1: 0.54823405
RANKING PARTIZIONE: 11.0
****************************************
****************************************
[24, 25, 28, 29, 390, 391, 392, 393, 394, 395, 378, 379, 16, 38, 380, 381, 382, 383, 384, 385, 386, 387, 388, 389, 6, 42, 43] -> [378, 16, 379]
[0] -> [0]
[22, 23, 69, 230, 1, 2, 3, 236, 238, 70, 71, 72, 40, 73, 41, 74, 75] -> [75]
Average: Precision: 1.0   Recall: 0.38997826
Average F1: 0.56112856
RANKING PARTIZIONE: 11.0
****************************************
****************************************
[24, 25, 28, 29, 390, 391, 392, 393, 394, 395, 378, 379, 16, 38, 380, 381, 382, 383, 384, 385, 386, 387, 388, 389, 6, 42, 43] -> [378, 379]
[0] -> [0]
[22, 23, 69, 230, 1, 2, 3, 236, 238, 70, 71, 72, 40, 73, 41, 74, 75] -> [75]
Average: Precision: 1.0   Recall: 0.37763253
Average F1: 0.54823405
RANKING PARTIZIONE: 11.0
****************************************
****************************************
[24, 25, 28, 29, 390, 391, 392, 393, 394, 395, 378, 379, 16, 38, 380, 381, 382, 383, 384, 385, 386, 387, 388, 389, 6, 42, 43] -> [378, 389, 38]
[0] -> [0]
[22, 23, 69, 230, 1, 2, 3, 236, 238, 70, 71, 72, 40, 73, 41, 74, 75] -> [23, 41]
Average: Precision: 1.0   Recall: 0.40958607
Average F1: 0.58114374
RANKING PARTIZIONE: 11.0
****************************************
****************************************
[24, 25, 28, 29, 390, 391, 392, 393, 394, 395, 378, 379, 16, 38, 380, 381, 382, 383, 384, 385, 386, 387, 388, 389, 6, 42, 43] -> [378, 389, 38]
[0] -> [0]
[22, 23, 69, 230, 1, 2, 3, 236, 238, 70, 71, 72, 40, 73, 41, 74, 75] -> [23, 41]
Average: Precision: 1.0   Recall: 0.40958607
Average F1: 0.58114374
RANKING PARTIZIONE: 11.0
****************************************
****************************************
[24, 25, 28, 29, 390, 391, 392, 393, 394, 395, 378, 379, 16, 38, 380, 381, 382, 383, 384, 385, 386, 387, 388, 389, 6, 42, 43] -> [378, 389, 38]
[0] -> [0]
[22, 23, 69, 230, 1, 2, 3, 236, 238, 70, 71, 72, 40, 73, 41, 74, 75] -> [23, 41]
Average: Precision: 1.0   Recall: 0.40958607
Average F1: 0.58114374
RANKING PARTIZIONE: 11.0
****************************************
****************************************
[24, 25, 28, 29, 390, 391, 392, 393, 394, 395, 378, 379, 16, 38, 380, 381, 382, 383, 384, 385, 386, 387, 388, 389, 6, 42, 43] -> [378, 389, 38]
[0] -> [0]
[22, 23, 69, 230, 1, 2, 3, 236, 238, 70, 71, 72, 40, 73, 41, 74, 75] -> [23, 41]
Average: Precision: 1.0   Recall: 0.40958607
Average F1: 0.58114374
RANKING PARTIZIONE: 11.0
****************************************
****************************************
[24, 25, 28, 29, 390, 391, 392, 393, 394, 395, 378, 379, 16, 38, 380, 381, 382, 383, 384, 385, 386, 387, 388, 389, 6, 42, 43] -> [24, 378, 379, 43]
[0] -> [0]
[22, 23, 69, 230, 1, 2, 3, 236, 238, 70, 71, 72, 40, 73, 41, 74, 75] -> [23, 41]
Average: Precision: 1.0   Recall: 0.42193174
Average F1: 0.5934627
RANKING PARTIZIONE: 11.0
****************************************
****************************************
[24, 25, 28, 29, 390, 391, 392, 393, 394, 395, 378, 379, 16, 38, 380, 381, 382, 383, 384, 385, 386, 387, 388, 389, 6, 42, 43] -> [24, 378, 379, 43]
[0] -> [0]
[22, 23, 69, 230, 1, 2, 3, 236, 238, 70, 71, 72, 40, 73, 41, 74, 75] -> [23, 41]
Average: Precision: 1.0   Recall: 0.42193174
Average F1: 0.5934627
RANKING PARTIZIONE: 11.0
****************************************
****************************************
[24, 25, 28, 29, 390, 391, 392, 393, 394, 395, 378, 379, 16, 38, 380, 381, 382, 383, 384, 385, 386, 387, 388, 389, 6, 42, 43] -> [378, 389, 38]
[0] -> [0]
[22, 23, 69, 230, 1, 2, 3, 236, 238, 70, 71, 72, 40, 73, 41, 74, 75] -> [23, 41]
Average: Precision: 1.0   Recall: 0.40958607
Average F1: 0.58114374
RANKING PARTIZIONE: 11.0
****************************************
****************************************
[24, 25, 28, 29, 390, 391, 392, 393, 394, 395, 378, 379, 16, 38, 380, 381, 382, 383, 384, 385, 386, 387, 388, 389, 6, 42, 43] -> [378, 389, 38]
[0] -> [0]
[22, 23, 69, 230, 1, 2, 3, 236, 238, 70, 71, 72, 40, 73, 41, 74, 75] -> [23, 41]
Average: Precision: 1.0   Recall: 0.40958607
Average F1: 0.58114374
RANKING PARTIZIONE: 11.0
****************************************
****************************************
[24, 25, 28, 29, 390, 391, 392, 393, 394, 395, 378, 379, 16, 38, 380, 381, 382, 383, 384, 385, 386, 387, 388, 389, 6, 42, 43] -> [24, 378, 379, 43]
[0] -> [0]
[22, 23, 69, 230, 1, 2, 3, 236, 238, 70, 71, 72, 40, 73, 41, 74, 75] -> [23, 41]
Average: Precision: 1.0   Recall: 0.42193174
Average F1: 0.5934627
RANKING PARTIZIONE: 11.0
****************************************
****************************************
[24, 25, 28, 29, 390, 391, 392, 393, 394, 395, 378, 379, 16, 38, 380, 381, 382, 383, 384, 385, 386, 387, 388, 389, 6, 42, 43] -> [24, 378, 379, 43]
[0] -> [0]
[22, 23, 69, 230, 1, 2, 3, 236, 238, 70, 71, 72, 40, 73, 41, 74, 75] -> [23, 41]
Average: Precision: 1.0   Recall: 0.42193174
Average F1: 0.5934627
RANKING PARTIZIONE: 11.0
****************************************
****************************************
[24, 25, 28, 29, 390, 391, 392, 393, 394, 395, 378, 379, 16, 38, 380, 381, 382, 383, 384, 385, 386, 387, 388, 389, 6, 42, 43] -> [378, 389, 38]
[0] -> [0]
[22, 23, 69, 230, 1, 2, 3, 236, 238, 70, 71, 72, 40, 73, 41, 74, 75] -> [75]
Average: Precision: 1.0   Recall: 0.38997826
Average F1: 0.56112856
RANKING PARTIZIONE: 11.0
****************************************
****************************************
[24, 25, 28, 29, 390, 391, 392, 393, 394, 395, 378, 379, 16, 38, 380, 381, 382, 383, 384, 385, 386, 387, 388, 389, 6, 42, 43] -> [378, 389, 38]
[0] -> [0]
[22, 23, 69, 230, 1, 2, 3, 236, 238, 70, 71, 72, 40, 73, 41, 74, 75] -> [75]
Average: Precision: 1.0   Recall: 0.38997826
Average F1: 0.56112856
RANKING PARTIZIONE: 11.0
****************************************
****************************************
[24, 25, 28, 29, 390, 391, 392, 393, 394, 395, 378, 379, 16, 38, 380, 381, 382, 383, 384, 385, 386, 387, 388, 389, 6, 42, 43] -> [378, 389, 38]
[0] -> [0]
[22, 23, 69, 230, 1, 2, 3, 236, 238, 70, 71, 72, 40, 73, 41, 74, 75] -> [75]
Average: Precision: 1.0   Recall: 0.38997826
Average F1: 0.56112856
RANKING PARTIZIONE: 11.0
****************************************
****************************************
[24, 25, 28, 29, 390, 391, 392, 393, 394, 395, 378, 379, 16, 38, 380, 381, 382, 383, 384, 385, 386, 387, 388, 389, 6, 42, 43] -> [378, 16, 379]
[0] -> [0]
[22, 23, 69, 230, 1, 2, 3, 236, 238, 70, 71, 72, 40, 73, 41, 74, 75] -> [23, 41]
Average: Precision: 1.0   Recall: 0.40958607
Average F1: 0.58114374
RANKING PARTIZIONE: 11.0
****************************************
****************************************
[24, 25, 28, 29, 390, 391, 392, 393, 394, 395, 378, 379, 16, 38, 380, 381, 382, 383, 384, 385, 386, 387, 388, 389, 6, 42, 43] -> [24, 378, 379, 43]
[0] -> [0]
[22, 23, 69, 230, 1, 2, 3, 236, 238, 70, 71, 72, 40, 73, 41, 74, 75] -> [23, 41]
Average: Precision: 1.0   Recall: 0.42193174
Average F1: 0.5934627
RANKING PARTIZIONE: 11.0
****************************************
****************************************
[24, 25, 28, 29, 390, 391, 392, 393, 394, 395, 378, 379, 16, 38, 380, 381, 382, 383, 384, 385, 386, 387, 388, 389, 6, 42, 43] -> [24, 378, 379, 43]
[0] -> [0]
[22, 23, 69, 230, 1, 2, 3, 236, 238, 70, 71, 72, 40, 73, 41, 74, 75] -> [23, 41]
Average: Precision: 1.0   Recall: 0.42193174
Average F1: 0.5934627
RANKING PARTIZIONE: 11.0
****************************************
****************************************
[24, 25, 28, 29, 390, 391, 392, 393, 394, 395, 378, 379, 16, 38, 380, 381, 382, 383, 384, 385, 386, 387, 388, 389, 6, 42, 43] -> [24, 378, 379, 43]
[0] -> [0]
[22, 23, 69, 230, 1, 2, 3, 236, 238, 70, 71, 72, 40, 73, 41, 74, 75] -> [23, 41]
Average: Precision: 1.0   Recall: 0.42193174
Average F1: 0.5934627
RANKING PARTIZIONE: 11.0
****************************************
****************************************
[24, 25, 28, 29, 390, 391, 392, 393, 394, 395, 378, 379, 16, 38, 380, 381, 382, 383, 384, 385, 386, 387, 388, 389, 6, 42, 43] -> [378, 16, 379]
[0] -> [0]
[22, 23, 69, 230, 1, 2, 3, 236, 238, 70, 71, 72, 40, 73, 41, 74, 75] -> [23, 41]
Average: Precision: 1.0   Recall: 0.40958607
Average F1: 0.58114374
RANKING PARTIZIONE: 11.0
****************************************
****************************************
[24, 25, 28, 29, 390, 391, 392, 393, 394, 395, 378, 379, 16, 38, 380, 381, 382, 383, 384, 385, 386, 387, 388, 389, 6, 42, 43] -> [378, 16, 379]
[0] -> [0]
[22, 23, 69, 230, 1, 2, 3, 236, 238, 70, 71, 72, 40, 73, 41, 74, 75] -> [23, 41]
Average: Precision: 1.0   Recall: 0.40958607
Average F1: 0.58114374
RANKING PARTIZIONE: 11.0
****************************************
****************************************
[24, 25, 28, 29, 390, 391, 392, 393, 394, 395, 378, 379, 16, 38, 380, 381, 382, 383, 384, 385, 386, 387, 388, 389, 6, 42, 43] -> [378, 16, 379]
[0] -> [0]
[22, 23, 69, 230, 1, 2, 3, 236, 238, 70, 71, 72, 40, 73, 41, 74, 75] -> [23, 41]
Average: Precision: 1.0   Recall: 0.40958607
Average F1: 0.58114374
RANKING PARTIZIONE: 11.0
****************************************
****************************************
[24, 25, 28, 29, 390, 391, 392, 393, 394, 395, 378, 379, 16, 38, 380, 381, 382, 383, 384, 385, 386, 387, 388, 389, 6, 42, 43] -> [378, 16, 379]
[0] -> [0]
[22, 23, 69, 230, 1, 2, 3, 236, 238, 70, 71, 72, 40, 73, 41, 74, 75] -> [23, 41]
Average: Precision: 1.0   Recall: 0.40958607
Average F1: 0.58114374
RANKING PARTIZIONE: 11.0
****************************************
****************************************
[24, 25, 28, 29, 390, 391, 392, 393, 394, 395, 378, 379, 16, 38, 380, 381, 382, 383, 384, 385, 386, 387, 388, 389, 6, 42, 43] -> [378, 16, 379]
[0] -> [0]
[22, 23, 69, 230, 1, 2, 3, 236, 238, 70, 71, 72, 40, 73, 41, 74, 75] -> [23, 41]
Average: Precision: 1.0   Recall: 0.40958607
Average F1: 0.58114374
RANKING PARTIZIONE: 11.0
****************************************
****************************************
[24, 25, 28, 29, 390, 391, 392, 393, 394, 395, 378, 379, 16, 38, 380, 381, 382, 383, 384, 385, 386, 387, 388, 389, 6, 42, 43] -> [378, 16, 379]
[0] -> [0]
[22, 23, 69, 230, 1, 2, 3, 236, 238, 70, 71, 72, 40, 73, 41, 74, 75] -> [75]
Average: Precision: 1.0   Recall: 0.38997826
Average F1: 0.56112856
RANKING PARTIZIONE: 11.0
****************************************
****************************************
[24, 25, 28, 29, 390, 391, 392, 393, 394, 395, 378, 379, 16, 38, 380, 381, 382, 383, 384, 385, 386, 387, 388, 389, 6, 42, 43] -> [378, 16, 379]
[0] -> [0]
[22, 23, 69, 230, 1, 2, 3, 236, 238, 70, 71, 72, 40, 73, 41, 74, 75] -> [75]
Average: Precision: 1.0   Recall: 0.38997826
Average F1: 0.56112856
RANKING PARTIZIONE: 11.0
****************************************
****************************************
[24, 25, 28, 29, 390, 391, 392, 393, 394, 395, 378, 379, 16, 38, 380, 381, 382, 383, 384, 385, 386, 387, 388, 389, 6, 42, 43] -> [378, 389, 38]
[0] -> [0]
[22, 23, 69, 230, 1, 2, 3, 236, 238, 70, 71, 72, 40, 73, 41, 74, 75] -> [75]
Average: Precision: 1.0   Recall: 0.38997826
Average F1: 0.56112856
RANKING PARTIZIONE: 11.0
****************************************
****************************************
[24, 25, 28, 29, 390, 391, 392, 393, 394, 395, 378, 379, 16, 38, 380, 381, 382, 383, 384, 385, 386, 387, 388, 389, 6, 42, 43] -> [378, 389, 38]
[0] -> [0]
[22, 23, 69, 230, 1, 2, 3, 236, 238, 70, 71, 72, 40, 73, 41, 74, 75] -> [23, 41]
Average: Precision: 1.0   Recall: 0.40958607
Average F1: 0.58114374
RANKING PARTIZIONE: 11.0
****************************************
****************************************
[24, 25, 28, 29, 390, 391, 392, 393, 394, 395, 378, 379, 16, 38, 380, 381, 382, 383, 384, 385, 386, 387, 388, 389, 6, 42, 43] -> [378, 389, 38]
[0] -> [0]
[22, 23, 69, 230, 1, 2, 3, 236, 238, 70, 71, 72, 40, 73, 41, 74, 75] -> [23, 41]
Average: Precision: 1.0   Recall: 0.40958607
Average F1: 0.58114374
RANKING PARTIZIONE: 11.0
****************************************
****************************************
[24, 25, 28, 29, 390, 391, 392, 393, 394, 395, 378, 379, 16, 38, 380, 381, 382, 383, 384, 385, 386, 387, 388, 389, 6, 42, 43] -> [380, 43]
[0] -> [0]
[22, 23, 69, 230, 1, 2, 3, 236, 238, 70, 71, 72, 40, 73, 41, 74, 75] -> [75]
Average: Precision: 1.0   Recall: 0.37763253
Average F1: 0.54823405
RANKING PARTIZIONE: 11.0
****************************************
****************************************
[24, 25, 28, 29, 390, 391, 392, 393, 394, 395, 378, 379, 16, 38, 380, 381, 382, 383, 384, 385, 386, 387, 388, 389, 6, 42, 43] -> [380, 43]
[0] -> [0]
[22, 23, 69, 230, 1, 2, 3, 236, 238, 70, 71, 72, 40, 73, 41, 74, 75] -> [75]
Average: Precision: 1.0   Recall: 0.37763253
Average F1: 0.54823405
RANKING PARTIZIONE: 11.0
****************************************
****************************************
[24, 25, 28, 29, 390, 391, 392, 393, 394, 395, 378, 379, 16, 38, 380, 381, 382, 383, 384, 385, 386, 387, 388, 389, 6, 42, 43] -> [378, 16, 379]
[0] -> [0]
[22, 23, 69, 230, 1, 2, 3, 236, 238, 70, 71, 72, 40, 73, 41, 74, 75] -> [75]
Average: Precision: 1.0   Recall: 0.38997826
Average F1: 0.56112856
RANKING PARTIZIONE: 11.0
****************************************
****************************************
[24, 25, 28, 29, 390, 391, 392, 393, 394, 395, 378, 379, 16, 38, 380, 381, 382, 383, 384, 385, 386, 387, 388, 389, 6, 42, 43] -> [28, 43]
[0] -> [0]
[22, 23, 69, 230, 1, 2, 3, 236, 238, 70, 71, 72, 40, 73, 41, 74, 75] -> [23, 41]
Average: Precision: 1.0   Recall: 0.39724037
Average F1: 0.56860703
RANKING PARTIZIONE: 11.0
****************************************
****************************************
[24, 25, 28, 29, 390, 391, 392, 393, 394, 395, 378, 379, 16, 38, 380, 381, 382, 383, 384, 385, 386, 387, 388, 389, 6, 42, 43] -> [28, 43]
[0] -> [0]
[22, 23, 69, 230, 1, 2, 3, 236, 238, 70, 71, 72, 40, 73, 41, 74, 75] -> [23, 41]
Average: Precision: 1.0   Recall: 0.39724037
Average F1: 0.56860703
RANKING PARTIZIONE: 11.0
****************************************
****************************************
[24, 25, 28, 29, 390, 391, 392, 393, 394, 395, 378, 379, 16, 38, 380, 381, 382, 383, 384, 385, 386, 387, 388, 389, 6, 42, 43] -> [380, 43]
[0] -> [0]
[22, 23, 69, 230, 1, 2, 3, 236, 238, 70, 71, 72, 40, 73, 41, 74, 75] -> [23, 41]
Average: Precision: 1.0   Recall: 0.39724037
Average F1: 0.56860703
RANKING PARTIZIONE: 11.0
****************************************
****************************************
[24, 25, 28, 29, 390, 391, 392, 393, 394, 395, 378, 379, 16, 38, 380, 381, 382, 383, 384, 385, 386, 387, 388, 389, 6, 42, 43] -> [28, 43]
[0] -> [0]
[22, 23, 69, 230, 1, 2, 3, 236, 238, 70, 71, 72, 40, 73, 41, 74, 75] -> [23, 41]
Average: Precision: 1.0   Recall: 0.39724037
Average F1: 0.56860703
RANKING PARTIZIONE: 11.0
****************************************
****************************************
[24, 25, 28, 29, 390, 391, 392, 393, 394, 395, 378, 379, 16, 38, 380, 381, 382, 383, 384, 385, 386, 387, 388, 389, 6, 42, 43] -> [380, 43]
[0] -> [0]
[22, 23, 69, 230, 1, 2, 3, 236, 238, 70, 71, 72, 40, 73, 41, 74, 75] -> [23, 41]
Average: Precision: 1.0   Recall: 0.39724037
Average F1: 0.56860703
RANKING PARTIZIONE: 11.0
****************************************
****************************************
[24, 25, 28, 29, 390, 391, 392, 393, 394, 395, 378, 379, 16, 38, 380, 381, 382, 383, 384, 385, 386, 387, 388, 389, 6, 42, 43] -> [28, 43]
[0] -> [0]
[22, 23, 69, 230, 1, 2, 3, 236, 238, 70, 71, 72, 40, 73, 41, 74, 75] -> [23, 41]
Average: Precision: 1.0   Recall: 0.39724037
Average F1: 0.56860703
RANKING PARTIZIONE: 11.0
****************************************
****************************************
[24, 25, 28, 29, 390, 391, 392, 393, 394, 395, 378, 379, 16, 38, 380, 381, 382, 383, 384, 385, 386, 387, 388, 389, 6, 42, 43] -> [28, 43]
[0] -> [0]
[22, 23, 69, 230, 1, 2, 3, 236, 238, 70, 71, 72, 40, 73, 41, 74, 75] -> [23, 41]
Average: Precision: 1.0   Recall: 0.39724037
Average F1: 0.56860703
RANKING PARTIZIONE: 11.0
****************************************
****************************************
[24, 25, 28, 29, 390, 391, 392, 393, 394, 395, 378, 379, 16, 38, 380, 381, 382, 383, 384, 385, 386, 387, 388, 389, 6, 42, 43] -> [378, 16, 379]
[0] -> [0]
[22, 23, 69, 230, 1, 2, 3, 236, 238, 70, 71, 72, 40, 73, 41, 74, 75] -> [75]
Average: Precision: 1.0   Recall: 0.38997826
Average F1: 0.56112856
RANKING PARTIZIONE: 11.0
****************************************
****************************************
[24, 25, 28, 29, 390, 391, 392, 393, 394, 395, 378, 379, 16, 38, 380, 381, 382, 383, 384, 385, 386, 387, 388, 389, 6, 42, 43] -> [378, 16, 379]
[0] -> [0]
[22, 23, 69, 230, 1, 2, 3, 236, 238, 70, 71, 72, 40, 73, 41, 74, 75] -> [23, 41]
Average: Precision: 1.0   Recall: 0.40958607
Average F1: 0.58114374
RANKING PARTIZIONE: 11.0
****************************************
****************************************
[24, 25, 28, 29, 390, 391, 392, 393, 394, 395, 378, 379, 16, 38, 380, 381, 382, 383, 384, 385, 386, 387, 388, 389, 6, 42, 43] -> [378, 16, 379]
[0] -> [0]
[22, 23, 69, 230, 1, 2, 3, 236, 238, 70, 71, 72, 40, 73, 41, 74, 75] -> [23, 41]
Average: Precision: 1.0   Recall: 0.40958607
Average F1: 0.58114374
RANKING PARTIZIONE: 11.0
****************************************
****************************************
[24, 25, 28, 29, 390, 391, 392, 393, 394, 395, 378, 379, 16, 38, 380, 381, 382, 383, 384, 385, 386, 387, 388, 389, 6, 42, 43] -> [28, 43]
[0] -> [0]
[22, 23, 69, 230, 1, 2, 3, 236, 238, 70, 71, 72, 40, 73, 41, 74, 75] -> [23, 41]
Average: Precision: 1.0   Recall: 0.39724037
Average F1: 0.56860703
RANKING PARTIZIONE: 11.0
****************************************
****************************************
[24, 25, 28, 29, 390, 391, 392, 393, 394, 395, 378, 379, 16, 38, 380, 381, 382, 383, 384, 385, 386, 387, 388, 389, 6, 42, 43] -> [16, 38, 384, 43]
[0] -> [0]
[22, 23, 69, 230, 1, 2, 3, 236, 238, 70, 71, 72, 40, 73, 41, 74, 75] -> [23, 41]
Average: Precision: 1.0   Recall: 0.42193174
Average F1: 0.5934627
RANKING PARTIZIONE: 11.0
****************************************
****************************************
[24, 25, 28, 29, 390, 391, 392, 393, 394, 395, 378, 379, 16, 38, 380, 381, 382, 383, 384, 385, 386, 387, 388, 389, 6, 42, 43] -> [28, 43]
[0] -> [0]
[22, 23, 69, 230, 1, 2, 3, 236, 238, 70, 71, 72, 40, 73, 41, 74, 75] -> [23, 41]
Average: Precision: 1.0   Recall: 0.39724037
Average F1: 0.56860703
RANKING PARTIZIONE: 11.0
****************************************
****************************************
[24, 25, 28, 29, 390, 391, 392, 393, 394, 395, 378, 379, 16, 38, 380, 381, 382, 383, 384, 385, 386, 387, 388, 389, 6, 42, 43] -> [28, 43]
[0] -> [0]
[22, 23, 69, 230, 1, 2, 3, 236, 238, 70, 71, 72, 40, 73, 41, 74, 75] -> [75]
Average: Precision: 1.0   Recall: 0.37763253
Average F1: 0.54823405
RANKING PARTIZIONE: 11.0
****************************************
****************************************
[24, 25, 28, 29, 390, 391, 392, 393, 394, 395, 378, 379, 16, 38, 380, 381, 382, 383, 384, 385, 386, 387, 388, 389, 6, 42, 43] -> [28, 43]
[0] -> [0]
[22, 23, 69, 230, 1, 2, 3, 236, 238, 70, 71, 72, 40, 73, 41, 74, 75] -> [75]
Average: Precision: 1.0   Recall: 0.37763253
Average F1: 0.54823405
RANKING PARTIZIONE: 11.0
****************************************
****************************************
[24, 25, 28, 29, 390, 391, 392, 393, 394, 395, 378, 379, 16, 38, 380, 381, 382, 383, 384, 385, 386, 387, 388, 389, 6, 42, 43] -> [28, 43]
[0] -> [0]
[22, 23, 69, 230, 1, 2, 3, 236, 238, 70, 71, 72, 40, 73, 41, 74, 75] -> [75]
Average: Precision: 1.0   Recall: 0.37763253
Average F1: 0.54823405
RANKING PARTIZIONE: 11.0
****************************************
****************************************
[24, 25, 28, 29, 390, 391, 392, 393, 394, 395, 378, 379, 16, 38, 380, 381, 382, 383, 384, 385, 386, 387, 388, 389, 6, 42, 43] -> [28, 43]
[0] -> [0]
[22, 23, 69, 230, 1, 2, 3, 236, 238, 70, 71, 72, 40, 73, 41, 74, 75] -> [75]
Average: Precision: 1.0   Recall: 0.37763253
Average F1: 0.54823405
RANKING PARTIZIONE: 11.0
****************************************
****************************************
[24, 25, 28, 29, 390, 391, 392, 393, 394, 395, 378, 379, 16, 38, 380, 381, 382, 383, 384, 385, 386, 387, 388, 389, 6, 42, 43] -> [16, 38, 384, 43]
[0] -> [0]
[22, 23, 69, 230, 1, 2, 3, 236, 238, 70, 71, 72, 40, 73, 41, 74, 75] -> [23, 41]
Average: Precision: 1.0   Recall: 0.42193174
Average F1: 0.5934627
RANKING PARTIZIONE: 11.0
****************************************
****************************************
[24, 25, 28, 29, 390, 391, 392, 393, 394, 395, 378, 379, 16, 38, 380, 381, 382, 383, 384, 385, 386, 387, 388, 389, 6, 42, 43] -> [380, 43]
[0] -> [0]
[22, 23, 69, 230, 1, 2, 3, 236, 238, 70, 71, 72, 40, 73, 41, 74, 75] -> [23, 41]
Average: Precision: 1.0   Recall: 0.39724037
Average F1: 0.56860703
RANKING PARTIZIONE: 11.0
****************************************
****************************************
[24, 25, 28, 29, 390, 391, 392, 393, 394, 395, 378, 379, 16, 38, 380, 381, 382, 383, 384, 385, 386, 387, 388, 389, 6, 42, 43] -> [380, 43]
[0] -> [0]
[22, 23, 69, 230, 1, 2, 3, 236, 238, 70, 71, 72, 40, 73, 41, 74, 75] -> [75]
Average: Precision: 1.0   Recall: 0.37763253
Average F1: 0.54823405
RANKING PARTIZIONE: 11.0
****************************************
****************************************
[24, 25, 28, 29, 390, 391, 392, 393, 394, 395, 378, 379, 16, 38, 380, 381, 382, 383, 384, 385, 386, 387, 388, 389, 6, 42, 43] -> [380, 43]
[0] -> [0]
[22, 23, 69, 230, 1, 2, 3, 236, 238, 70, 71, 72, 40, 73, 41, 74, 75] -> [75]
Average: Precision: 1.0   Recall: 0.37763253
Average F1: 0.54823405
RANKING PARTIZIONE: 11.0
****************************************
****************************************
[24, 25, 28, 29, 390, 391, 392, 393, 394, 395, 378, 379, 16, 38, 380, 381, 382, 383, 384, 385, 386, 387, 388, 389, 6, 42, 43] -> [380, 43]
[0] -> [0]
[22, 23, 69, 230, 1, 2, 3, 236, 238, 70, 71, 72, 40, 73, 41, 74, 75] -> [23, 41]
Average: Precision: 1.0   Recall: 0.39724037
Average F1: 0.56860703
RANKING PARTIZIONE: 11.0
****************************************
****************************************
[24, 25, 28, 29, 390, 391, 392, 393, 394, 395, 378, 379, 16, 38, 380, 381, 382, 383, 384, 385, 386, 387, 388, 389, 6, 42, 43] -> [378, 16]
[0] -> [0]
[22, 23, 69, 230, 1, 2, 3, 236, 238, 70, 71, 72, 40, 73, 41, 74, 75] -> [23, 41]
Average: Precision: 1.0   Recall: 0.39724037
Average F1: 0.56860703
RANKING PARTIZIONE: 11.0
****************************************
****************************************
[24, 25, 28, 29, 390, 391, 392, 393, 394, 395, 378, 379, 16, 38, 380, 381, 382, 383, 384, 385, 386, 387, 388, 389, 6, 42, 43] -> [378, 16]
[0] -> [0]
[22, 23, 69, 230, 1, 2, 3, 236, 238, 70, 71, 72, 40, 73, 41, 74, 75] -> [23, 41]
Average: Precision: 1.0   Recall: 0.39724037
Average F1: 0.56860703
RANKING PARTIZIONE: 11.0
****************************************
****************************************
[24, 25, 28, 29, 390, 391, 392, 393, 394, 395, 378, 379, 16, 38, 380, 381, 382, 383, 384, 385, 386, 387, 388, 389, 6, 42, 43] -> [378, 16]
[0] -> [0]
[22, 23, 69, 230, 1, 2, 3, 236, 238, 70, 71, 72, 40, 73, 41, 74, 75] -> [23, 41]
Average: Precision: 1.0   Recall: 0.39724037
Average F1: 0.56860703
RANKING PARTIZIONE: 11.0
****************************************
****************************************
[24, 25, 28, 29, 390, 391, 392, 393, 394, 395, 378, 379, 16, 38, 380, 381, 382, 383, 384, 385, 386, 387, 388, 389, 6, 42, 43] -> [378, 16]
[0] -> [0]
[22, 23, 69, 230, 1, 2, 3, 236, 238, 70, 71, 72, 40, 73, 41, 74, 75] -> [23, 41]
Average: Precision: 1.0   Recall: 0.39724037
Average F1: 0.56860703
RANKING PARTIZIONE: 11.0
****************************************
****************************************
[24, 25, 28, 29, 390, 391, 392, 393, 394, 395, 378, 379, 16, 38, 380, 381, 382, 383, 384, 385, 386, 387, 388, 389, 6, 42, 43] -> [378, 16]
[0] -> [0]
[22, 23, 69, 230, 1, 2, 3, 236, 238, 70, 71, 72, 40, 73, 41, 74, 75] -> [23, 41]
Average: Precision: 1.0   Recall: 0.39724037
Average F1: 0.56860703
RANKING PARTIZIONE: 11.0
****************************************
****************************************
[24, 25, 28, 29, 390, 391, 392, 393, 394, 395, 378, 379, 16, 38, 380, 381, 382, 383, 384, 385, 386, 387, 388, 389, 6, 42, 43] -> [6, 391, 394]
[0] -> [0]
[22, 23, 69, 230, 1, 2, 3, 236, 238, 70, 71, 72, 40, 73, 41, 74, 75] -> [23, 41]
Average: Precision: 1.0   Recall: 0.40958607
Average F1: 0.58114374
RANKING PARTIZIONE: 11.0
****************************************
****************************************
[24, 25, 28, 29, 390, 391, 392, 393, 394, 395, 378, 379, 16, 38, 380, 381, 382, 383, 384, 385, 386, 387, 388, 389, 6, 42, 43] -> [28, 43]
[0] -> [0]
[22, 23, 69, 230, 1, 2, 3, 236, 238, 70, 71, 72, 40, 73, 41, 74, 75] -> [75]
Average: Precision: 1.0   Recall: 0.37763253
Average F1: 0.54823405
RANKING PARTIZIONE: 11.0
****************************************
****************************************
[24, 25, 28, 29, 390, 391, 392, 393, 394, 395, 378, 379, 16, 38, 380, 381, 382, 383, 384, 385, 386, 387, 388, 389, 6, 42, 43] -> [28, 43]
[0] -> [0]
[22, 23, 69, 230, 1, 2, 3, 236, 238, 70, 71, 72, 40, 73, 41, 74, 75] -> [75]
Average: Precision: 1.0   Recall: 0.37763253
Average F1: 0.54823405
RANKING PARTIZIONE: 11.0
****************************************
****************************************
[24, 25, 28, 29, 390, 391, 392, 393, 394, 395, 378, 379, 16, 38, 380, 381, 382, 383, 384, 385, 386, 387, 388, 389, 6, 42, 43] -> [28, 43]
[0] -> [0]
[22, 23, 69, 230, 1, 2, 3, 236, 238, 70, 71, 72, 40, 73, 41, 74, 75] -> [75]
Average: Precision: 1.0   Recall: 0.37763253
Average F1: 0.54823405
RANKING PARTIZIONE: 11.0
****************************************
****************************************
[24, 25, 28, 29, 390, 391, 392, 393, 394, 395, 378, 379, 16, 38, 380, 381, 382, 383, 384, 385, 386, 387, 388, 389, 6, 42, 43] -> [28, 43]
[0] -> [0]
[22, 23, 69, 230, 1, 2, 3, 236, 238, 70, 71, 72, 40, 73, 41, 74, 75] -> [75]
Average: Precision: 1.0   Recall: 0.37763253
Average F1: 0.54823405
RANKING PARTIZIONE: 11.0
****************************************
****************************************
[24, 25, 28, 29, 390, 391, 392, 393, 394, 395, 378, 379, 16, 38, 380, 381, 382, 383, 384, 385, 386, 387, 388, 389, 6, 42, 43] -> [28, 43]
[0] -> [0]
[22, 23, 69, 230, 1, 2, 3, 236, 238, 70, 71, 72, 40, 73, 41, 74, 75] -> [75]
Average: Precision: 1.0   Recall: 0.37763253
Average F1: 0.54823405
RANKING PARTIZIONE: 11.0
****************************************
****************************************
[24, 25, 28, 29, 390, 391, 392, 393, 394, 395, 378, 379, 16, 38, 380, 381, 382, 383, 384, 385, 386, 387, 388, 389, 6, 42, 43] -> [28, 43]
[0] -> [0]
[22, 23, 69, 230, 1, 2, 3, 236, 238, 70, 71, 72, 40, 73, 41, 74, 75] -> [75]
Average: Precision: 1.0   Recall: 0.37763253
Average F1: 0.54823405
RANKING PARTIZIONE: 11.0
****************************************
****************************************
[24, 25, 28, 29, 390, 391, 392, 393, 394, 395, 378, 379, 16, 38, 380, 381, 382, 383, 384, 385, 386, 387, 388, 389, 6, 42, 43] -> [42, 384]
[0] -> [0]
[22, 23, 69, 230, 1, 2, 3, 236, 238, 70, 71, 72, 40, 73, 41, 74, 75] -> [75]
Average: Precision: 1.0   Recall: 0.37763253
Average F1: 0.54823405
RANKING PARTIZIONE: 11.0
****************************************
****************************************
[24, 25, 28, 29, 390, 391, 392, 393, 394, 395, 378, 379, 16, 38, 380, 381, 382, 383, 384, 385, 386, 387, 388, 389, 6, 42, 43] -> [42, 384]
[0] -> [0]
[22, 23, 69, 230, 1, 2, 3, 236, 238, 70, 71, 72, 40, 73, 41, 74, 75] -> [75]
Average: Precision: 1.0   Recall: 0.37763253
Average F1: 0.54823405
RANKING PARTIZIONE: 11.0
****************************************
****************************************
[24, 25, 28, 29, 390, 391, 392, 393, 394, 395, 378, 379, 16, 38, 380, 381, 382, 383, 384, 385, 386, 387, 388, 389, 6, 42, 43] -> [378, 16]
[0] -> [0]
[22, 23, 69, 230, 1, 2, 3, 236, 238, 70, 71, 72, 40, 73, 41, 74, 75] -> [75]
Average: Precision: 1.0   Recall: 0.37763253
Average F1: 0.54823405
RANKING PARTIZIONE: 11.0
****************************************
****************************************
[24, 25, 28, 29, 390, 391, 392, 393, 394, 395, 378, 379, 16, 38, 380, 381, 382, 383, 384, 385, 386, 387, 388, 389, 6, 42, 43] -> [6, 391, 394]
[0] -> [0]
[22, 23, 69, 230, 1, 2, 3, 236, 238, 70, 71, 72, 40, 73, 41, 74, 75] -> [23, 41]
Average: Precision: 1.0   Recall: 0.40958607
Average F1: 0.58114374
RANKING PARTIZIONE: 11.0
****************************************
****************************************
[24, 25, 28, 29, 390, 391, 392, 393, 394, 395, 378, 379, 16, 38, 380, 381, 382, 383, 384, 385, 386, 387, 388, 389, 6, 42, 43] -> [378, 16]
[0] -> [0]
[22, 23, 69, 230, 1, 2, 3, 236, 238, 70, 71, 72, 40, 73, 41, 74, 75] -> [75]
Average: Precision: 1.0   Recall: 0.37763253
Average F1: 0.54823405
RANKING PARTIZIONE: 11.0
****************************************
****************************************
[24, 25, 28, 29, 390, 391, 392, 393, 394, 395, 378, 379, 16, 38, 380, 381, 382, 383, 384, 385, 386, 387, 388, 389, 6, 42, 43] -> [6, 391, 394]
[0] -> [0]
[22, 23, 69, 230, 1, 2, 3, 236, 238, 70, 71, 72, 40, 73, 41, 74, 75] -> [23, 41]
Average: Precision: 1.0   Recall: 0.40958607
Average F1: 0.58114374
RANKING PARTIZIONE: 11.0
****************************************
****************************************
[24, 25, 28, 29, 390, 391, 392, 393, 394, 395, 378, 379, 16, 38, 380, 381, 382, 383, 384, 385, 386, 387, 388, 389, 6, 42, 43] -> [378, 16]
[0] -> [0]
[22, 23, 69, 230, 1, 2, 3, 236, 238, 70, 71, 72, 40, 73, 41, 74, 75] -> [75]
Average: Precision: 1.0   Recall: 0.37763253
Average F1: 0.54823405
RANKING PARTIZIONE: 11.0
****************************************
****************************************
[24, 25, 28, 29, 390, 391, 392, 393, 394, 395, 378, 379, 16, 38, 380, 381, 382, 383, 384, 385, 386, 387, 388, 389, 6, 42, 43] -> [378, 16, 379]
[0] -> [0]
[22, 23, 69, 230, 1, 2, 3, 236, 238, 70, 71, 72, 40, 73, 41, 74, 75] -> [23, 41]
Average: Precision: 1.0   Recall: 0.40958607
Average F1: 0.58114374
RANKING PARTIZIONE: 11.0
****************************************
****************************************
[24, 25, 28, 29, 390, 391, 392, 393, 394, 395, 378, 379, 16, 38, 380, 381, 382, 383, 384, 385, 386, 387, 388, 389, 6, 42, 43] -> [378, 16]
[0] -> [0]
[22, 23, 69, 230, 1, 2, 3, 236, 238, 70, 71, 72, 40, 73, 41, 74, 75] -> [75]
Average: Precision: 1.0   Recall: 0.37763253
Average F1: 0.54823405
RANKING PARTIZIONE: 11.0
****************************************
****************************************
[24, 25, 28, 29, 390, 391, 392, 393, 394, 395, 378, 379, 16, 38, 380, 381, 382, 383, 384, 385, 386, 387, 388, 389, 6, 42, 43] -> [378, 16]
[0] -> [0]
[22, 23, 69, 230, 1, 2, 3, 236, 238, 70, 71, 72, 40, 73, 41, 74, 75] -> [75]
Average: Precision: 1.0   Recall: 0.37763253
Average F1: 0.54823405
RANKING PARTIZIONE: 11.0
****************************************
****************************************
[24, 25, 28, 29, 390, 391, 392, 393, 394, 395, 378, 379, 16, 38, 380, 381, 382, 383, 384, 385, 386, 387, 388, 389, 6, 42, 43] -> [378, 379, 43]
[0] -> [0]
[22, 23, 69, 230, 1, 2, 3, 236, 238, 70, 71, 72, 40, 73, 41, 74, 75] -> [23, 41]
Average: Precision: 1.0   Recall: 0.40958607
Average F1: 0.58114374
RANKING PARTIZIONE: 11.0
****************************************
****************************************
[24, 25, 28, 29, 390, 391, 392, 393, 394, 395, 378, 379, 16, 38, 380, 381, 382, 383, 384, 385, 386, 387, 388, 389, 6, 42, 43] -> [378, 379, 43]
[0] -> [0]
[22, 23, 69, 230, 1, 2, 3, 236, 238, 70, 71, 72, 40, 73, 41, 74, 75] -> [23, 41]
Average: Precision: 1.0   Recall: 0.40958607
Average F1: 0.58114374
RANKING PARTIZIONE: 11.0
****************************************
****************************************
[24, 25, 28, 29, 390, 391, 392, 393, 394, 395, 378, 379, 16, 38, 380, 381, 382, 383, 384, 385, 386, 387, 388, 389, 6, 42, 43] -> [378, 379, 43]
[0] -> [0]
[22, 23, 69, 230, 1, 2, 3, 236, 238, 70, 71, 72, 40, 73, 41, 74, 75] -> [23, 41]
Average: Precision: 1.0   Recall: 0.40958607
Average F1: 0.58114374
RANKING PARTIZIONE: 11.0
****************************************
****************************************
[24, 25, 28, 29, 390, 391, 392, 393, 394, 395, 378, 379, 16, 38, 380, 381, 382, 383, 384, 385, 386, 387, 388, 389, 6, 42, 43] -> [378, 389, 38]
[0] -> [0]
[22, 23, 69, 230, 1, 2, 3, 236, 238, 70, 71, 72, 40, 73, 41, 74, 75] -> [23, 41]
Average: Precision: 1.0   Recall: 0.40958607
Average F1: 0.58114374
RANKING PARTIZIONE: 11.0
****************************************
****************************************
[24, 25, 28, 29, 390, 391, 392, 393, 394, 395, 378, 379, 16, 38, 380, 381, 382, 383, 384, 385, 386, 387, 388, 389, 6, 42, 43] -> [378, 16, 379]
[0] -> [0]
[22, 23, 69, 230, 1, 2, 3, 236, 238, 70, 71, 72, 40, 73, 41, 74, 75] -> [23, 41]
Average: Precision: 1.0   Recall: 0.40958607
Average F1: 0.58114374
RANKING PARTIZIONE: 11.0
****************************************
****************************************
[24, 25, 28, 29, 390, 391, 392, 393, 394, 395, 378, 379, 16, 38, 380, 381, 382, 383, 384, 385, 386, 387, 388, 389, 6, 42, 43] -> [380, 394, 384]
[0] -> [0]
[22, 23, 69, 230, 1, 2, 3, 236, 238, 70, 71, 72, 40, 73, 41, 74, 75] -> [23, 41]
Average: Precision: 1.0   Recall: 0.40958607
Average F1: 0.58114374
RANKING PARTIZIONE: 11.0
****************************************
****************************************
[24, 25, 28, 29, 390, 391, 392, 393, 394, 395, 378, 379, 16, 38, 380, 381, 382, 383, 384, 385, 386, 387, 388, 389, 6, 42, 43] -> [380, 394, 384]
[0] -> [0]
[22, 23, 69, 230, 1, 2, 3, 236, 238, 70, 71, 72, 40, 73, 41, 74, 75] -> [23, 41]
Average: Precision: 1.0   Recall: 0.40958607
Average F1: 0.58114374
RANKING PARTIZIONE: 11.0
****************************************
****************************************
[24, 25, 28, 29, 390, 391, 392, 393, 394, 395, 378, 379, 16, 38, 380, 381, 382, 383, 384, 385, 386, 387, 388, 389, 6, 42, 43] -> [380, 394, 384]
[0] -> [0]
[22, 23, 69, 230, 1, 2, 3, 236, 238, 70, 71, 72, 40, 73, 41, 74, 75] -> [23, 41]
Average: Precision: 1.0   Recall: 0.40958607
Average F1: 0.58114374
RANKING PARTIZIONE: 11.0
****************************************
****************************************
[24, 25, 28, 29, 390, 391, 392, 393, 394, 395, 378, 379, 16, 38, 380, 381, 382, 383, 384, 385, 386, 387, 388, 389, 6, 42, 43] -> [6, 380, 43]
[0] -> [0]
[22, 23, 69, 230, 1, 2, 3, 236, 238, 70, 71, 72, 40, 73, 41, 74, 75] -> [23, 41]
Average: Precision: 1.0   Recall: 0.40958607
Average F1: 0.58114374
RANKING PARTIZIONE: 11.0
****************************************
****************************************
[24, 25, 28, 29, 390, 391, 392, 393, 394, 395, 378, 379, 16, 38, 380, 381, 382, 383, 384, 385, 386, 387, 388, 389, 6, 42, 43] -> [6, 380, 43]
[0] -> [0]
[22, 23, 69, 230, 1, 2, 3, 236, 238, 70, 71, 72, 40, 73, 41, 74, 75] -> [23, 41]
Average: Precision: 1.0   Recall: 0.40958607
Average F1: 0.58114374
RANKING PARTIZIONE: 11.0
****************************************
****************************************
[24, 25, 28, 29, 390, 391, 392, 393, 394, 395, 378, 379, 16, 38, 380, 381, 382, 383, 384, 385, 386, 387, 388, 389, 6, 42, 43] -> [380, 394, 384]
[0] -> [0]
[22, 23, 69, 230, 1, 2, 3, 236, 238, 70, 71, 72, 40, 73, 41, 74, 75] -> [23, 41]
Average: Precision: 1.0   Recall: 0.40958607
Average F1: 0.58114374
RANKING PARTIZIONE: 11.0
****************************************
****************************************
[24, 25, 28, 29, 390, 391, 392, 393, 394, 395, 378, 379, 16, 38, 380, 381, 382, 383, 384, 385, 386, 387, 388, 389, 6, 42, 43] -> [380, 394, 384]
[0] -> [0]
[22, 23, 69, 230, 1, 2, 3, 236, 238, 70, 71, 72, 40, 73, 41, 74, 75] -> [23, 41]
Average: Precision: 1.0   Recall: 0.40958607
Average F1: 0.58114374
RANKING PARTIZIONE: 11.0
****************************************
****************************************
[24, 25, 28, 29, 390, 391, 392, 393, 394, 395, 378, 379, 16, 38, 380, 381, 382, 383, 384, 385, 386, 387, 388, 389, 6, 42, 43] -> [6, 380, 43]
[0] -> [0]
[22, 23, 69, 230, 1, 2, 3, 236, 238, 70, 71, 72, 40, 73, 41, 74, 75] -> [23, 41]
Average: Precision: 1.0   Recall: 0.40958607
Average F1: 0.58114374
RANKING PARTIZIONE: 11.0
****************************************
****************************************
[24, 25, 28, 29, 390, 391, 392, 393, 394, 395, 378, 379, 16, 38, 380, 381, 382, 383, 384, 385, 386, 387, 388, 389, 6, 42, 43] -> [6, 380, 43]
[0] -> [0]
[22, 23, 69, 230, 1, 2, 3, 236, 238, 70, 71, 72, 40, 73, 41, 74, 75] -> [23, 41]
Average: Precision: 1.0   Recall: 0.40958607
Average F1: 0.58114374
RANKING PARTIZIONE: 11.0
****************************************
****************************************
[24, 25, 28, 29, 390, 391, 392, 393, 394, 395, 378, 379, 16, 38, 380, 381, 382, 383, 384, 385, 386, 387, 388, 389, 6, 42, 43] -> [6, 380, 43]
[0] -> [0]
[22, 23, 69, 230, 1, 2, 3, 236, 238, 70, 71, 72, 40, 73, 41, 74, 75] -> [23, 41]
Average: Precision: 1.0   Recall: 0.40958607
Average F1: 0.58114374
RANKING PARTIZIONE: 11.0
****************************************
****************************************
[24, 25, 28, 29, 390, 391, 392, 393, 394, 395, 378, 379, 16, 38, 380, 381, 382, 383, 384, 385, 386, 387, 388, 389, 6, 42, 43] -> [6, 380, 43]
[0] -> [0]
[22, 23, 69, 230, 1, 2, 3, 236, 238, 70, 71, 72, 40, 73, 41, 74, 75] -> [23, 41]
Average: Precision: 1.0   Recall: 0.40958607
Average F1: 0.58114374
RANKING PARTIZIONE: 11.0
****************************************
****************************************
[24, 25, 28, 29, 390, 391, 392, 393, 394, 395, 378, 379, 16, 38, 380, 381, 382, 383, 384, 385, 386, 387, 388, 389, 6, 42, 43] -> [6, 380, 43]
[0] -> [0]
[22, 23, 69, 230, 1, 2, 3, 236, 238, 70, 71, 72, 40, 73, 41, 74, 75] -> [23, 41]
Average: Precision: 1.0   Recall: 0.40958607
Average F1: 0.58114374
RANKING PARTIZIONE: 11.0
****************************************
****************************************
[24, 25, 28, 29, 390, 391, 392, 393, 394, 395, 378, 379, 16, 38, 380, 381, 382, 383, 384, 385, 386, 387, 388, 389, 6, 42, 43] -> [6, 380, 43]
[0] -> [0]
[22, 23, 69, 230, 1, 2, 3, 236, 238, 70, 71, 72, 40, 73, 41, 74, 75] -> [23, 41]
Average: Precision: 1.0   Recall: 0.40958607
Average F1: 0.58114374
RANKING PARTIZIONE: 11.0
****************************************
****************************************
[24, 25, 28, 29, 390, 391, 392, 393, 394, 395, 378, 379, 16, 38, 380, 381, 382, 383, 384, 385, 386, 387, 388, 389, 6, 42, 43] -> [380, 394, 384]
[0] -> [0]
[22, 23, 69, 230, 1, 2, 3, 236, 238, 70, 71, 72, 40, 73, 41, 74, 75] -> [23, 41]
Average: Precision: 1.0   Recall: 0.40958607
Average F1: 0.58114374
RANKING PARTIZIONE: 11.0
****************************************
****************************************
[24, 25, 28, 29, 390, 391, 392, 393, 394, 395, 378, 379, 16, 38, 380, 381, 382, 383, 384, 385, 386, 387, 388, 389, 6, 42, 43] -> [6, 380, 43]
[0] -> [0]
[22, 23, 69, 230, 1, 2, 3, 236, 238, 70, 71, 72, 40, 73, 41, 74, 75] -> [75]
Average: Precision: 1.0   Recall: 0.38997826
Average F1: 0.56112856
RANKING PARTIZIONE: 11.0
****************************************
****************************************
[24, 25, 28, 29, 390, 391, 392, 393, 394, 395, 378, 379, 16, 38, 380, 381, 382, 383, 384, 385, 386, 387, 388, 389, 6, 42, 43] -> [6, 380, 43]
[0] -> [0]
[22, 23, 69, 230, 1, 2, 3, 236, 238, 70, 71, 72, 40, 73, 41, 74, 75] -> [75]
Average: Precision: 1.0   Recall: 0.38997826
Average F1: 0.56112856
RANKING PARTIZIONE: 11.0
****************************************
****************************************
[24, 25, 28, 29, 390, 391, 392, 393, 394, 395, 378, 379, 16, 38, 380, 381, 382, 383, 384, 385, 386, 387, 388, 389, 6, 42, 43] -> [6, 380, 43]
[0] -> [0]
[22, 23, 69, 230, 1, 2, 3, 236, 238, 70, 71, 72, 40, 73, 41, 74, 75] -> [75]
Average: Precision: 1.0   Recall: 0.38997826
Average F1: 0.56112856
RANKING PARTIZIONE: 11.0
****************************************
****************************************
[24, 25, 28, 29, 390, 391, 392, 393, 394, 395, 378, 379, 16, 38, 380, 381, 382, 383, 384, 385, 386, 387, 388, 389, 6, 42, 43] -> [380, 394, 384]
[0] -> [0]
[22, 23, 69, 230, 1, 2, 3, 236, 238, 70, 71, 72, 40, 73, 41, 74, 75] -> [75]
Average: Precision: 1.0   Recall: 0.38997826
Average F1: 0.56112856
RANKING PARTIZIONE: 11.0
****************************************
****************************************
[24, 25, 28, 29, 390, 391, 392, 393, 394, 395, 378, 379, 16, 38, 380, 381, 382, 383, 384, 385, 386, 387, 388, 389, 6, 42, 43] -> [380, 394, 384]
[0] -> [0]
[22, 23, 69, 230, 1, 2, 3, 236, 238, 70, 71, 72, 40, 73, 41, 74, 75] -> [23, 41]
Average: Precision: 1.0   Recall: 0.40958607
Average F1: 0.58114374
RANKING PARTIZIONE: 11.0
****************************************
****************************************
[24, 25, 28, 29, 390, 391, 392, 393, 394, 395, 378, 379, 16, 38, 380, 381, 382, 383, 384, 385, 386, 387, 388, 389, 6, 42, 43] -> [380, 394, 384]
[0] -> [0]
[22, 23, 69, 230, 1, 2, 3, 236, 238, 70, 71, 72, 40, 73, 41, 74, 75] -> [23, 41]
Average: Precision: 1.0   Recall: 0.40958607
Average F1: 0.58114374
RANKING PARTIZIONE: 11.0
****************************************
****************************************
[24, 25, 28, 29, 390, 391, 392, 393, 394, 395, 378, 379, 16, 38, 380, 381, 382, 383, 384, 385, 386, 387, 388, 389, 6, 42, 43] -> [380, 394, 384]
[0] -> [0]
[22, 23, 69, 230, 1, 2, 3, 236, 238, 70, 71, 72, 40, 73, 41, 74, 75] -> [23, 41]
Average: Precision: 1.0   Recall: 0.40958607
Average F1: 0.58114374
RANKING PARTIZIONE: 11.0
****************************************
****************************************
[24, 25, 28, 29, 390, 391, 392, 393, 394, 395, 378, 379, 16, 38, 380, 381, 382, 383, 384, 385, 386, 387, 388, 389, 6, 42, 43] -> [378, 389, 38]
[0] -> [0]
[22, 23, 69, 230, 1, 2, 3, 236, 238, 70, 71, 72, 40, 73, 41, 74, 75] -> [23, 41]
Average: Precision: 1.0   Recall: 0.40958607
Average F1: 0.58114374
RANKING PARTIZIONE: 11.0
****************************************
****************************************
[24, 25, 28, 29, 390, 391, 392, 393, 394, 395, 378, 379, 16, 38, 380, 381, 382, 383, 384, 385, 386, 387, 388, 389, 6, 42, 43] -> [6, 391, 394]
[0] -> [0]
[22, 23, 69, 230, 1, 2, 3, 236, 238, 70, 71, 72, 40, 73, 41, 74, 75] -> [23, 41]
Average: Precision: 1.0   Recall: 0.40958607
Average F1: 0.58114374
RANKING PARTIZIONE: 11.0
****************************************
****************************************
[24, 25, 28, 29, 390, 391, 392, 393, 394, 395, 378, 379, 16, 38, 380, 381, 382, 383, 384, 385, 386, 387, 388, 389, 6, 42, 43] -> [378, 379]
[0] -> [0]
[22, 23, 69, 230, 1, 2, 3, 236, 238, 70, 71, 72, 40, 73, 41, 74, 75] -> [23, 41]
Average: Precision: 1.0   Recall: 0.39724037
Average F1: 0.56860703
RANKING PARTIZIONE: 11.0
****************************************
****************************************
[24, 25, 28, 29, 390, 391, 392, 393, 394, 395, 378, 379, 16, 38, 380, 381, 382, 383, 384, 385, 386, 387, 388, 389, 6, 42, 43] -> [378, 379]
[0] -> [0]
[22, 23, 69, 230, 1, 2, 3, 236, 238, 70, 71, 72, 40, 73, 41, 74, 75] -> [23, 41]
Average: Precision: 1.0   Recall: 0.39724037
Average F1: 0.56860703
RANKING PARTIZIONE: 11.0
****************************************
****************************************
[24, 25, 28, 29, 390, 391, 392, 393, 394, 395, 378, 379, 16, 38, 380, 381, 382, 383, 384, 385, 386, 387, 388, 389, 6, 42, 43] -> [378, 379]
[0] -> [0]
[22, 23, 69, 230, 1, 2, 3, 236, 238, 70, 71, 72, 40, 73, 41, 74, 75] -> [23, 41]
Average: Precision: 1.0   Recall: 0.39724037
Average F1: 0.56860703
RANKING PARTIZIONE: 11.0
****************************************
****************************************
[24, 25, 28, 29, 390, 391, 392, 393, 394, 395, 378, 379, 16, 38, 380, 381, 382, 383, 384, 385, 386, 387, 388, 389, 6, 42, 43] -> [378, 379]
[0] -> [0]
[22, 23, 69, 230, 1, 2, 3, 236, 238, 70, 71, 72, 40, 73, 41, 74, 75] -> [75]
Average: Precision: 1.0   Recall: 0.37763253
Average F1: 0.54823405
RANKING PARTIZIONE: 11.0
****************************************
****************************************
[24, 25, 28, 29, 390, 391, 392, 393, 394, 395, 378, 379, 16, 38, 380, 381, 382, 383, 384, 385, 386, 387, 388, 389, 6, 42, 43] -> [378, 379]
[0] -> [0]
[22, 23, 69, 230, 1, 2, 3, 236, 238, 70, 71, 72, 40, 73, 41, 74, 75] -> [75]
Average: Precision: 1.0   Recall: 0.37763253
Average F1: 0.54823405
RANKING PARTIZIONE: 11.0
****************************************
****************************************
[24, 25, 28, 29, 390, 391, 392, 393, 394, 395, 378, 379, 16, 38, 380, 381, 382, 383, 384, 385, 386, 387, 388, 389, 6, 42, 43] -> [378, 379]
[0] -> [0]
[22, 23, 69, 230, 1, 2, 3, 236, 238, 70, 71, 72, 40, 73, 41, 74, 75] -> [75]
Average: Precision: 1.0   Recall: 0.37763253
Average F1: 0.54823405
RANKING PARTIZIONE: 11.0
****************************************
EXECUTION TIME: 3602 seconds