Website: basilicataNotizie Range: 6 Best: 2
****************************************
[0] -> [0]
[22, 44, 23, 45, 24, 46, 25, 47, 26, 48, 27, 49, 28, 29, 50, 30, 31, 32, 33, 34, 35, 14, 36, 15, 37, 16, 38, 17, 39, 18, 19, 40, 41, 20, 42, 21, 43] -> [22, 44, 45, 23, 46, 24, 25, 47, 26, 48, 27, 49, 28, 29, 50, 30, 31, 32, 33, 34, 35, 14, 36, 15, 37, 16, 38, 39, 17, 18, 19, 40, 41, 20, 42, 21, 43]
[11, 12, 13, 1, 2, 3, 4, 5, 6, 7, 8, 9, 10] -> [11, 12, 13, 1, 2, 3, 4, 5, 6, 7, 8, 9, 10]
Average: Precision: 1.0   Recall: 1.0
Average F1: 1.0
RANKING PARTIZIONE: 210.0
****************************************
****************************************
[0] -> [0]
[22, 44, 23, 45, 24, 46, 25, 47, 26, 48, 27, 49, 28, 29, 50, 30, 31, 32, 33, 34, 35, 14, 36, 15, 37, 16, 38, 17, 39, 18, 19, 40, 41, 20, 42, 21, 43] -> [22, 44, 45, 23, 46, 24, 25, 47, 26, 48, 27, 49, 28, 29, 50, 30, 31, 32, 33, 34, 35, 14, 36, 15, 37, 16, 38, 39, 17, 18, 19, 40, 41, 20, 42, 21, 43]
[11, 12, 13, 1, 2, 3, 4, 5, 6, 7, 8, 9, 10] -> [11, 12, 2, 13, 3, 4, 5, 6, 7, 10]
Average: Precision: 1.0   Recall: 0.9230769
Average F1: 0.96000004
RANKING PARTIZIONE: 240.0
****************************************
EXECUTION TIME: 507 seconds