Website: cinecittaShop Range: 6 Best: 2
****************************************
[0] -> [0]
[11, 22, 12, 13, 14, 15, 16, 17, 18, 19, 210, 211, 201, 212, 202, 203, 204, 206, 207, 209, 20, 21] -> [22, 12, 16, 17, 210, 212, 201, 203, 204, 206, 207, 209, 20, 21]
[23, 24, 25, 26, 196, 197, 198, 1, 199, 2, 3, 4, 213, 5, 214, 6, 215, 7, 216, 8, 9, 10] -> [9]
Average: Precision: 1.0   Recall: 0.56060606
Average F1: 0.7184466
RANKING PARTIZIONE: 10.0
****************************************
****************************************
[0] -> [0]
[11, 22, 12, 13, 14, 15, 16, 17, 18, 19, 210, 211, 201, 212, 202, 203, 204, 206, 207, 209, 20, 21] -> [15, 17, 204, 18, 206, 207, 209]
[23, 24, 25, 26, 196, 197, 198, 1, 199, 2, 3, 4, 213, 5, 214, 6, 215, 7, 216, 8, 9, 10] -> [9]
Average: Precision: 1.0   Recall: 0.4545454
Average F1: 0.62499994
RANKING PARTIZIONE: 2.0
****************************************
****************************************
[0] -> [22, 23, 24, 25, 26, 196, 197, 198, 210, 199, 211, 212, 213, 214, 215, 216, 10, 11, 12, 13, 14, 15, 16, 17, 18, 19, 0, 1, 2, 3, 201, 4, 202, 5, 203, 204, 6, 7, 8, 206, 207, 9, 209, 20, 21]
[11, 22, 12, 13, 14, 15, 16, 17, 18, 19, 210, 211, 201, 212, 202, 203, 204, 206, 207, 209, 20, 21] -> []
[23, 24, 25, 26, 196, 197, 198, 1, 199, 2, 3, 4, 213, 5, 214, 6, 215, 7, 216, 8, 9, 10] -> []
Average: Precision: 0.0074074077   Recall: 0.33333334
Average F1: 0.014492754
RANKING PARTIZIONE: 2.0
****************************************
EXECUTION TIME: 210 seconds