Website: marcheNotizie Range: 6 Best: 2
****************************************
[0] -> [0]
[11, 12, 3, 14, 4, 5, 16, 17, 18] -> [17]
[22, 44, 66, 45, 67, 24, 46, 25, 69, 26, 48, 49, 29, 70, 50, 51, 73, 30, 74, 31, 53, 32, 54, 78, 35, 57, 79, 36, 58, 38, 39, 60, 61, 40, 62, 63, 42, 64, 21, 43, 65] -> [57, 46, 35, 69, 36, 58, 48, 51, 40, 74, 31, 54]
Average: Precision: 1.0   Recall: 0.46793136
Average F1: 0.63753843
RANKING PARTIZIONE: 40.0
****************************************
****************************************
[0] -> [0]
[11, 12, 3, 14, 4, 5, 16, 17, 18] -> [17]
[22, 44, 66, 45, 67, 24, 46, 25, 69, 26, 48, 49, 29, 70, 50, 51, 73, 30, 74, 31, 53, 32, 54, 78, 35, 57, 79, 36, 58, 38, 39, 60, 61, 40, 62, 63, 42, 64, 21, 43, 65] -> [57, 46, 35, 69, 36, 58, 48, 51, 40, 74, 31, 54]
Average: Precision: 1.0   Recall: 0.46793136
Average F1: 0.63753843
RANKING PARTIZIONE: 40.0
****************************************
****************************************
[0] -> [0]
[11, 12, 3, 14, 4, 5, 16, 17, 18] -> [17]
[22, 44, 66, 45, 67, 24, 46, 25, 69, 26, 48, 49, 29, 70, 50, 51, 73, 30, 74, 31, 53, 32, 54, 78, 35, 57, 79, 36, 58, 38, 39, 60, 61, 40, 62, 63, 42, 64, 21, 43, 65] -> [57, 46, 35, 69, 36, 58, 48, 51, 40, 74, 31, 54]
Average: Precision: 1.0   Recall: 0.46793136
Average F1: 0.63753843
RANKING PARTIZIONE: 40.0
****************************************
****************************************
[0] -> [0]
[11, 12, 3, 14, 4, 5, 16, 17, 18] -> [17]
[22, 44, 66, 45, 67, 24, 46, 25, 69, 26, 48, 49, 29, 70, 50, 51, 73, 30, 74, 31, 53, 32, 54, 78, 35, 57, 79, 36, 58, 38, 39, 60, 61, 40, 62, 63, 42, 64, 21, 43, 65] -> [22, 44, 45, 78, 67, 79, 46, 48, 49, 50, 73, 62, 30, 63, 64]
Average: Precision: 1.0   Recall: 0.4923216
Average F1: 0.6598063
RANKING PARTIZIONE: 50.0
****************************************
****************************************
[0] -> [0]
[11, 12, 3, 14, 4, 5, 16, 17, 18] -> [17]
[22, 44, 66, 45, 67, 24, 46, 25, 69, 26, 48, 49, 29, 70, 50, 51, 73, 30, 74, 31, 53, 32, 54, 78, 35, 57, 79, 36, 58, 38, 39, 60, 61, 40, 62, 63, 42, 64, 21, 43, 65] -> [44, 46, 25, 69, 48, 70, 73, 40, 31]
Average: Precision: 1.0   Recall: 0.44354114
Average F1: 0.61451817
RANKING PARTIZIONE: 40.0
****************************************
****************************************
[0] -> [0]
[11, 12, 3, 14, 4, 5, 16, 17, 18] -> [17]
[22, 44, 66, 45, 67, 24, 46, 25, 69, 26, 48, 49, 29, 70, 50, 51, 73, 30, 74, 31, 53, 32, 54, 78, 35, 57, 79, 36, 58, 38, 39, 60, 61, 40, 62, 63, 42, 64, 21, 43, 65] -> [44, 46, 25, 69, 48, 70, 73, 40, 31]
Average: Precision: 1.0   Recall: 0.44354114
Average F1: 0.61451817
RANKING PARTIZIONE: 40.0
****************************************
****************************************
[0] -> [0]
[11, 12, 3, 14, 4, 5, 16, 17, 18] -> [17]
[22, 44, 66, 45, 67, 24, 46, 25, 69, 26, 48, 49, 29, 70, 50, 51, 73, 30, 74, 31, 53, 32, 54, 78, 35, 57, 79, 36, 58, 38, 39, 60, 61, 40, 62, 63, 42, 64, 21, 43, 65] -> [44, 46, 25, 69, 48, 70, 73, 40, 31]
Average: Precision: 1.0   Recall: 0.44354114
Average F1: 0.61451817
RANKING PARTIZIONE: 40.0
****************************************
****************************************
[0] -> [0]
[11, 12, 3, 14, 4, 5, 16, 17, 18] -> [17]
[22, 44, 66, 45, 67, 24, 46, 25, 69, 26, 48, 49, 29, 70, 50, 51, 73, 30, 74, 31, 53, 32, 54, 78, 35, 57, 79, 36, 58, 38, 39, 60, 61, 40, 62, 63, 42, 64, 21, 43, 65] -> [44, 46, 25, 69, 48, 70, 73, 40, 31]
Average: Precision: 1.0   Recall: 0.44354114
Average F1: 0.61451817
RANKING PARTIZIONE: 40.0
****************************************
****************************************
[0] -> [0]
[11, 12, 3, 14, 4, 5, 16, 17, 18] -> [17]
[22, 44, 66, 45, 67, 24, 46, 25, 69, 26, 48, 49, 29, 70, 50, 51, 73, 30, 74, 31, 53, 32, 54, 78, 35, 57, 79, 36, 58, 38, 39, 60, 61, 40, 62, 63, 42, 64, 21, 43, 65] -> [44, 46, 25, 69, 48, 70, 73, 40, 31]
Average: Precision: 1.0   Recall: 0.44354114
Average F1: 0.61451817
RANKING PARTIZIONE: 40.0
****************************************
****************************************
[0] -> [0]
[11, 12, 3, 14, 4, 5, 16, 17, 18] -> [17]
[22, 44, 66, 45, 67, 24, 46, 25, 69, 26, 48, 49, 29, 70, 50, 51, 73, 30, 74, 31, 53, 32, 54, 78, 35, 57, 79, 36, 58, 38, 39, 60, 61, 40, 62, 63, 42, 64, 21, 43, 65] -> [44, 46, 25, 69, 48, 70, 73, 40, 31]
Average: Precision: 1.0   Recall: 0.44354114
Average F1: 0.61451817
RANKING PARTIZIONE: 40.0
****************************************
****************************************
[0] -> [0]
[11, 12, 3, 14, 4, 5, 16, 17, 18] -> [17]
[22, 44, 66, 45, 67, 24, 46, 25, 69, 26, 48, 49, 29, 70, 50, 51, 73, 30, 74, 31, 53, 32, 54, 78, 35, 57, 79, 36, 58, 38, 39, 60, 61, 40, 62, 63, 42, 64, 21, 43, 65] -> [22, 67, 46, 69, 48, 49, 51, 74, 30, 31, 32, 54, 78, 57, 35, 79, 36, 58, 60, 61, 40, 62, 63, 64, 42, 21]
Average: Precision: 1.0   Recall: 0.5817525
Average F1: 0.7355796
RANKING PARTIZIONE: 40.0
****************************************
****************************************
[0] -> [0]
[11, 12, 3, 14, 4, 5, 16, 17, 18] -> [17]
[22, 44, 66, 45, 67, 24, 46, 25, 69, 26, 48, 49, 29, 70, 50, 51, 73, 30, 74, 31, 53, 32, 54, 78, 35, 57, 79, 36, 58, 38, 39, 60, 61, 40, 62, 63, 42, 64, 21, 43, 65] -> [57, 46, 35, 69, 36, 58, 48, 51, 40, 74, 31, 54]
Average: Precision: 1.0   Recall: 0.46793136
Average F1: 0.63753843
RANKING PARTIZIONE: 40.0
****************************************
****************************************
[0] -> [0]
[11, 12, 3, 14, 4, 5, 16, 17, 18] -> [16]
[22, 44, 66, 45, 67, 24, 46, 25, 69, 26, 48, 49, 29, 70, 50, 51, 73, 30, 74, 31, 53, 32, 54, 78, 35, 57, 79, 36, 58, 38, 39, 60, 61, 40, 62, 63, 42, 64, 21, 43, 65] -> [66, 22, 67, 46, 69, 48, 49, 51, 74, 30, 31, 32, 54, 78, 57, 35, 79, 36, 58, 60, 61, 40, 62, 63, 64, 42, 21]
Average: Precision: 1.0   Recall: 0.5898826
Average F1: 0.74204546
RANKING PARTIZIONE: 50.0
****************************************
****************************************
[0] -> [0]
[11, 12, 3, 14, 4, 5, 16, 17, 18] -> [17]
[22, 44, 66, 45, 67, 24, 46, 25, 69, 26, 48, 49, 29, 70, 50, 51, 73, 30, 74, 31, 53, 32, 54, 78, 35, 57, 79, 36, 58, 38, 39, 60, 61, 40, 62, 63, 42, 64, 21, 43, 65] -> [57, 46, 35, 69, 36, 58, 48, 51, 40, 74, 31, 54]
Average: Precision: 1.0   Recall: 0.46793136
Average F1: 0.63753843
RANKING PARTIZIONE: 40.0
****************************************
****************************************
[0] -> [0]
[11, 12, 3, 14, 4, 5, 16, 17, 18] -> [17]
[22, 44, 66, 45, 67, 24, 46, 25, 69, 26, 48, 49, 29, 70, 50, 51, 73, 30, 74, 31, 53, 32, 54, 78, 35, 57, 79, 36, 58, 38, 39, 60, 61, 40, 62, 63, 42, 64, 21, 43, 65] -> [78, 57, 35, 79, 46, 69, 36, 58, 48, 49, 60, 61, 40, 51, 62, 74, 42, 31, 21, 32, 54]
Average: Precision: 1.0   Recall: 0.5411021
Average F1: 0.7022274
RANKING PARTIZIONE: 40.0
****************************************
****************************************
[0] -> [0]
[11, 12, 3, 14, 4, 5, 16, 17, 18] -> [17]
[22, 44, 66, 45, 67, 24, 46, 25, 69, 26, 48, 49, 29, 70, 50, 51, 73, 30, 74, 31, 53, 32, 54, 78, 35, 57, 79, 36, 58, 38, 39, 60, 61, 40, 62, 63, 42, 64, 21, 43, 65] -> [22, 44, 45, 78, 67, 79, 46, 48, 49, 50, 73, 62, 30, 63, 64, 42]
Average: Precision: 1.0   Recall: 0.5004517
Average F1: 0.66706806
RANKING PARTIZIONE: 50.0
****************************************
****************************************
[0] -> [0]
[11, 12, 3, 14, 4, 5, 16, 17, 18] -> [17]
[22, 44, 66, 45, 67, 24, 46, 25, 69, 26, 48, 49, 29, 70, 50, 51, 73, 30, 74, 31, 53, 32, 54, 78, 35, 57, 79, 36, 58, 38, 39, 60, 61, 40, 62, 63, 42, 64, 21, 43, 65] -> [22, 44, 45, 78, 67, 79, 46, 48, 49, 50, 73, 62, 30, 63, 64]
Average: Precision: 1.0   Recall: 0.4923216
Average F1: 0.6598063
RANKING PARTIZIONE: 50.0
****************************************
****************************************
[0] -> [0]
[11, 12, 3, 14, 4, 5, 16, 17, 18] -> [17]
[22, 44, 66, 45, 67, 24, 46, 25, 69, 26, 48, 49, 29, 70, 50, 51, 73, 30, 74, 31, 53, 32, 54, 78, 35, 57, 79, 36, 58, 38, 39, 60, 61, 40, 62, 63, 42, 64, 21, 43, 65] -> [22, 44, 45, 78, 67, 79, 46, 48, 49, 50, 73, 62, 30, 63, 64]
Average: Precision: 1.0   Recall: 0.4923216
Average F1: 0.6598063
RANKING PARTIZIONE: 50.0
****************************************
****************************************
[0] -> [0]
[11, 12, 3, 14, 4, 5, 16, 17, 18] -> [17]
[22, 44, 66, 45, 67, 24, 46, 25, 69, 26, 48, 49, 29, 70, 50, 51, 73, 30, 74, 31, 53, 32, 54, 78, 35, 57, 79, 36, 58, 38, 39, 60, 61, 40, 62, 63, 42, 64, 21, 43, 65] -> [44, 46, 25, 69, 48, 70, 73, 40, 31]
Average: Precision: 1.0   Recall: 0.44354114
Average F1: 0.61451817
RANKING PARTIZIONE: 40.0
****************************************
****************************************
[0] -> [0]
[11, 12, 3, 14, 4, 5, 16, 17, 18] -> [17]
[22, 44, 66, 45, 67, 24, 46, 25, 69, 26, 48, 49, 29, 70, 50, 51, 73, 30, 74, 31, 53, 32, 54, 78, 35, 57, 79, 36, 58, 38, 39, 60, 61, 40, 62, 63, 42, 64, 21, 43, 65] -> [22, 44, 45, 78, 67, 79, 46, 48, 49, 50, 73, 62, 30, 63, 64, 42]
Average: Precision: 1.0   Recall: 0.5004517
Average F1: 0.66706806
RANKING PARTIZIONE: 50.0
****************************************
****************************************
[0] -> [0]
[11, 12, 3, 14, 4, 5, 16, 17, 18] -> [17]
[22, 44, 66, 45, 67, 24, 46, 25, 69, 26, 48, 49, 29, 70, 50, 51, 73, 30, 74, 31, 53, 32, 54, 78, 35, 57, 79, 36, 58, 38, 39, 60, 61, 40, 62, 63, 42, 64, 21, 43, 65] -> [57, 46, 35, 69, 36, 58, 48, 51, 40, 74, 31, 54]
Average: Precision: 1.0   Recall: 0.46793136
Average F1: 0.63753843
RANKING PARTIZIONE: 40.0
****************************************
****************************************
[0] -> [0]
[11, 12, 3, 14, 4, 5, 16, 17, 18] -> [17]
[22, 44, 66, 45, 67, 24, 46, 25, 69, 26, 48, 49, 29, 70, 50, 51, 73, 30, 74, 31, 53, 32, 54, 78, 35, 57, 79, 36, 58, 38, 39, 60, 61, 40, 62, 63, 42, 64, 21, 43, 65] -> [57, 46, 35, 69, 36, 58, 48, 51, 40, 74, 31, 54]
Average: Precision: 1.0   Recall: 0.46793136
Average F1: 0.63753843
RANKING PARTIZIONE: 40.0
****************************************
****************************************
[0] -> [0]
[11, 12, 3, 14, 4, 5, 16, 17, 18] -> [17]
[22, 44, 66, 45, 67, 24, 46, 25, 69, 26, 48, 49, 29, 70, 50, 51, 73, 30, 74, 31, 53, 32, 54, 78, 35, 57, 79, 36, 58, 38, 39, 60, 61, 40, 62, 63, 42, 64, 21, 43, 65] -> [57, 46, 35, 69, 36, 58, 48, 51, 40, 74, 31, 54]
Average: Precision: 1.0   Recall: 0.46793136
Average F1: 0.63753843
RANKING PARTIZIONE: 40.0
****************************************
****************************************
[0] -> [0]
[11, 12, 3, 14, 4, 5, 16, 17, 18] -> [17]
[22, 44, 66, 45, 67, 24, 46, 25, 69, 26, 48, 49, 29, 70, 50, 51, 73, 30, 74, 31, 53, 32, 54, 78, 35, 57, 79, 36, 58, 38, 39, 60, 61, 40, 62, 63, 42, 64, 21, 43, 65] -> [57, 46, 35, 69, 36, 58, 48, 51, 40, 74, 31, 54]
Average: Precision: 1.0   Recall: 0.46793136
Average F1: 0.63753843
RANKING PARTIZIONE: 40.0
****************************************
****************************************
[0] -> [0]
[11, 12, 3, 14, 4, 5, 16, 17, 18] -> [17]
[22, 44, 66, 45, 67, 24, 46, 25, 69, 26, 48, 49, 29, 70, 50, 51, 73, 30, 74, 31, 53, 32, 54, 78, 35, 57, 79, 36, 58, 38, 39, 60, 61, 40, 62, 63, 42, 64, 21, 43, 65] -> [57, 46, 35, 69, 36, 58, 48, 51, 40, 74, 31, 54]
Average: Precision: 1.0   Recall: 0.46793136
Average F1: 0.63753843
RANKING PARTIZIONE: 40.0
****************************************
****************************************
[0] -> [0]
[11, 12, 3, 14, 4, 5, 16, 17, 18] -> [17]
[22, 44, 66, 45, 67, 24, 46, 25, 69, 26, 48, 49, 29, 70, 50, 51, 73, 30, 74, 31, 53, 32, 54, 78, 35, 57, 79, 36, 58, 38, 39, 60, 61, 40, 62, 63, 42, 64, 21, 43, 65] -> [57, 46, 35, 69, 36, 58, 48, 51, 40, 74, 31, 54]
Average: Precision: 1.0   Recall: 0.46793136
Average F1: 0.63753843
RANKING PARTIZIONE: 40.0
****************************************
****************************************
[0] -> [0]
[11, 12, 3, 14, 4, 5, 16, 17, 18] -> [17]
[22, 44, 66, 45, 67, 24, 46, 25, 69, 26, 48, 49, 29, 70, 50, 51, 73, 30, 74, 31, 53, 32, 54, 78, 35, 57, 79, 36, 58, 38, 39, 60, 61, 40, 62, 63, 42, 64, 21, 43, 65] -> [57, 46, 35, 69, 36, 58, 48, 51, 40, 74, 31, 54]
Average: Precision: 1.0   Recall: 0.46793136
Average F1: 0.63753843
RANKING PARTIZIONE: 40.0
****************************************
****************************************
[0] -> [0]
[11, 12, 3, 14, 4, 5, 16, 17, 18] -> [17]
[22, 44, 66, 45, 67, 24, 46, 25, 69, 26, 48, 49, 29, 70, 50, 51, 73, 30, 74, 31, 53, 32, 54, 78, 35, 57, 79, 36, 58, 38, 39, 60, 61, 40, 62, 63, 42, 64, 21, 43, 65] -> [78, 57, 35, 79, 46, 69, 36, 58, 48, 49, 60, 61, 40, 51, 62, 74, 42, 31, 21, 32, 54]
Average: Precision: 1.0   Recall: 0.5411021
Average F1: 0.7022274
RANKING PARTIZIONE: 40.0
****************************************
****************************************
[0] -> [0]
[11, 12, 3, 14, 4, 5, 16, 17, 18] -> [17]
[22, 44, 66, 45, 67, 24, 46, 25, 69, 26, 48, 49, 29, 70, 50, 51, 73, 30, 74, 31, 53, 32, 54, 78, 35, 57, 79, 36, 58, 38, 39, 60, 61, 40, 62, 63, 42, 64, 21, 43, 65] -> [22, 67, 46, 69, 48, 49, 51, 74, 30, 31, 32, 54, 78, 57, 35, 79, 36, 58, 60, 61, 40, 62, 63, 64, 42, 21]
Average: Precision: 1.0   Recall: 0.5817525
Average F1: 0.7355796
RANKING PARTIZIONE: 40.0
****************************************
****************************************
[0] -> [0]
[11, 12, 3, 14, 4, 5, 16, 17, 18] -> [17]
[22, 44, 66, 45, 67, 24, 46, 25, 69, 26, 48, 49, 29, 70, 50, 51, 73, 30, 74, 31, 53, 32, 54, 78, 35, 57, 79, 36, 58, 38, 39, 60, 61, 40, 62, 63, 42, 64, 21, 43, 65] -> [57, 46, 35, 69, 36, 58, 48, 51, 40, 74, 31, 54]
Average: Precision: 1.0   Recall: 0.46793136
Average F1: 0.63753843
RANKING PARTIZIONE: 40.0
****************************************
****************************************
[0] -> [0]
[11, 12, 3, 14, 4, 5, 16, 17, 18] -> [17]
[22, 44, 66, 45, 67, 24, 46, 25, 69, 26, 48, 49, 29, 70, 50, 51, 73, 30, 74, 31, 53, 32, 54, 78, 35, 57, 79, 36, 58, 38, 39, 60, 61, 40, 62, 63, 42, 64, 21, 43, 65] -> [66, 22, 67, 46, 69, 48, 49, 51, 74, 30, 31, 32, 54, 78, 57, 35, 79, 36, 58, 60, 61, 40, 62, 63, 64, 42, 21]
Average: Precision: 1.0   Recall: 0.5898826
Average F1: 0.74204546
RANKING PARTIZIONE: 40.0
****************************************
****************************************
[0] -> [0]
[11, 12, 3, 14, 4, 5, 16, 17, 18] -> [17]
[22, 44, 66, 45, 67, 24, 46, 25, 69, 26, 48, 49, 29, 70, 50, 51, 73, 30, 74, 31, 53, 32, 54, 78, 35, 57, 79, 36, 58, 38, 39, 60, 61, 40, 62, 63, 42, 64, 21, 43, 65] -> [57, 46, 35, 69, 36, 58, 48, 51, 40, 74, 31, 54]
Average: Precision: 1.0   Recall: 0.46793136
Average F1: 0.63753843
RANKING PARTIZIONE: 40.0
****************************************
****************************************
[0] -> [0]
[11, 12, 3, 14, 4, 5, 16, 17, 18] -> [17]
[22, 44, 66, 45, 67, 24, 46, 25, 69, 26, 48, 49, 29, 70, 50, 51, 73, 30, 74, 31, 53, 32, 54, 78, 35, 57, 79, 36, 58, 38, 39, 60, 61, 40, 62, 63, 42, 64, 21, 43, 65] -> [57, 46, 35, 69, 36, 58, 48, 51, 40, 74, 31, 54]
Average: Precision: 1.0   Recall: 0.46793136
Average F1: 0.63753843
RANKING PARTIZIONE: 40.0
****************************************
****************************************
[0] -> [0]
[11, 12, 3, 14, 4, 5, 16, 17, 18] -> [17]
[22, 44, 66, 45, 67, 24, 46, 25, 69, 26, 48, 49, 29, 70, 50, 51, 73, 30, 74, 31, 53, 32, 54, 78, 35, 57, 79, 36, 58, 38, 39, 60, 61, 40, 62, 63, 42, 64, 21, 43, 65] -> [57, 46, 35, 69, 36, 58, 48, 51, 40, 74, 31, 54]
Average: Precision: 1.0   Recall: 0.46793136
Average F1: 0.63753843
RANKING PARTIZIONE: 40.0
****************************************
****************************************
[0] -> [0]
[11, 12, 3, 14, 4, 5, 16, 17, 18] -> [17]
[22, 44, 66, 45, 67, 24, 46, 25, 69, 26, 48, 49, 29, 70, 50, 51, 73, 30, 74, 31, 53, 32, 54, 78, 35, 57, 79, 36, 58, 38, 39, 60, 61, 40, 62, 63, 42, 64, 21, 43, 65] -> [57, 46, 35, 69, 36, 58, 48, 51, 40, 74, 31, 54]
Average: Precision: 1.0   Recall: 0.46793136
Average F1: 0.63753843
RANKING PARTIZIONE: 40.0
****************************************
****************************************
[0] -> [0]
[11, 12, 3, 14, 4, 5, 16, 17, 18] -> [17]
[22, 44, 66, 45, 67, 24, 46, 25, 69, 26, 48, 49, 29, 70, 50, 51, 73, 30, 74, 31, 53, 32, 54, 78, 35, 57, 79, 36, 58, 38, 39, 60, 61, 40, 62, 63, 42, 64, 21, 43, 65] -> [57, 46, 35, 69, 36, 58, 48, 51, 40, 74, 31, 54]
Average: Precision: 1.0   Recall: 0.46793136
Average F1: 0.63753843
RANKING PARTIZIONE: 40.0
****************************************
****************************************
[0] -> [0]
[11, 12, 3, 14, 4, 5, 16, 17, 18] -> [17]
[22, 44, 66, 45, 67, 24, 46, 25, 69, 26, 48, 49, 29, 70, 50, 51, 73, 30, 74, 31, 53, 32, 54, 78, 35, 57, 79, 36, 58, 38, 39, 60, 61, 40, 62, 63, 42, 64, 21, 43, 65] -> [57, 46, 35, 69, 36, 58, 48, 51, 40, 74, 31, 54]
Average: Precision: 1.0   Recall: 0.46793136
Average F1: 0.63753843
RANKING PARTIZIONE: 40.0
****************************************
****************************************
[0] -> [0]
[11, 12, 3, 14, 4, 5, 16, 17, 18] -> [17]
[22, 44, 66, 45, 67, 24, 46, 25, 69, 26, 48, 49, 29, 70, 50, 51, 73, 30, 74, 31, 53, 32, 54, 78, 35, 57, 79, 36, 58, 38, 39, 60, 61, 40, 62, 63, 42, 64, 21, 43, 65] -> [57, 46, 35, 69, 36, 58, 48, 51, 40, 74, 31, 54]
Average: Precision: 1.0   Recall: 0.46793136
Average F1: 0.63753843
RANKING PARTIZIONE: 40.0
****************************************
****************************************
[0] -> [0]
[11, 12, 3, 14, 4, 5, 16, 17, 18] -> [17]
[22, 44, 66, 45, 67, 24, 46, 25, 69, 26, 48, 49, 29, 70, 50, 51, 73, 30, 74, 31, 53, 32, 54, 78, 35, 57, 79, 36, 58, 38, 39, 60, 61, 40, 62, 63, 42, 64, 21, 43, 65] -> [57, 46, 35, 69, 36, 58, 48, 51, 40, 74, 31, 54]
Average: Precision: 1.0   Recall: 0.46793136
Average F1: 0.63753843
RANKING PARTIZIONE: 40.0
****************************************
****************************************
[0] -> [0]
[11, 12, 3, 14, 4, 5, 16, 17, 18] -> [17]
[22, 44, 66, 45, 67, 24, 46, 25, 69, 26, 48, 49, 29, 70, 50, 51, 73, 30, 74, 31, 53, 32, 54, 78, 35, 57, 79, 36, 58, 38, 39, 60, 61, 40, 62, 63, 42, 64, 21, 43, 65] -> [78, 57, 35, 79, 46, 69, 36, 58, 48, 49, 60, 61, 40, 51, 62, 74, 42, 31, 21, 32, 54]
Average: Precision: 1.0   Recall: 0.5411021
Average F1: 0.7022274
RANKING PARTIZIONE: 40.0
****************************************
****************************************
[0] -> [0]
[11, 12, 3, 14, 4, 5, 16, 17, 18] -> [17]
[22, 44, 66, 45, 67, 24, 46, 25, 69, 26, 48, 49, 29, 70, 50, 51, 73, 30, 74, 31, 53, 32, 54, 78, 35, 57, 79, 36, 58, 38, 39, 60, 61, 40, 62, 63, 42, 64, 21, 43, 65] -> [57, 46, 35, 69, 36, 58, 48, 51, 40, 74, 31, 54]
Average: Precision: 1.0   Recall: 0.46793136
Average F1: 0.63753843
RANKING PARTIZIONE: 40.0
****************************************
****************************************
[0] -> [0]
[11, 12, 3, 14, 4, 5, 16, 17, 18] -> [17]
[22, 44, 66, 45, 67, 24, 46, 25, 69, 26, 48, 49, 29, 70, 50, 51, 73, 30, 74, 31, 53, 32, 54, 78, 35, 57, 79, 36, 58, 38, 39, 60, 61, 40, 62, 63, 42, 64, 21, 43, 65] -> [78, 57, 35, 79, 46, 69, 36, 58, 48, 49, 60, 61, 40, 51, 62, 74, 42, 31, 21, 32, 54]
Average: Precision: 1.0   Recall: 0.5411021
Average F1: 0.7022274
RANKING PARTIZIONE: 40.0
****************************************
****************************************
[0] -> [0]
[11, 12, 3, 14, 4, 5, 16, 17, 18] -> [17]
[22, 44, 66, 45, 67, 24, 46, 25, 69, 26, 48, 49, 29, 70, 50, 51, 73, 30, 74, 31, 53, 32, 54, 78, 35, 57, 79, 36, 58, 38, 39, 60, 61, 40, 62, 63, 42, 64, 21, 43, 65] -> [57, 46, 35, 69, 36, 58, 48, 51, 40, 74, 31, 54]
Average: Precision: 1.0   Recall: 0.46793136
Average F1: 0.63753843
RANKING PARTIZIONE: 40.0
****************************************
****************************************
[0] -> [0]
[11, 12, 3, 14, 4, 5, 16, 17, 18] -> [17]
[22, 44, 66, 45, 67, 24, 46, 25, 69, 26, 48, 49, 29, 70, 50, 51, 73, 30, 74, 31, 53, 32, 54, 78, 35, 57, 79, 36, 58, 38, 39, 60, 61, 40, 62, 63, 42, 64, 21, 43, 65] -> [57, 46, 35, 69, 36, 58, 48, 51, 40, 74, 31, 54]
Average: Precision: 1.0   Recall: 0.46793136
Average F1: 0.63753843
RANKING PARTIZIONE: 40.0
****************************************
****************************************
[0] -> [0]
[11, 12, 3, 14, 4, 5, 16, 17, 18] -> [17]
[22, 44, 66, 45, 67, 24, 46, 25, 69, 26, 48, 49, 29, 70, 50, 51, 73, 30, 74, 31, 53, 32, 54, 78, 35, 57, 79, 36, 58, 38, 39, 60, 61, 40, 62, 63, 42, 64, 21, 43, 65] -> [57, 46, 35, 69, 36, 58, 48, 51, 40, 74, 31, 54]
Average: Precision: 1.0   Recall: 0.46793136
Average F1: 0.63753843
RANKING PARTIZIONE: 40.0
****************************************
****************************************
[0] -> [0]
[11, 12, 3, 14, 4, 5, 16, 17, 18] -> [17]
[22, 44, 66, 45, 67, 24, 46, 25, 69, 26, 48, 49, 29, 70, 50, 51, 73, 30, 74, 31, 53, 32, 54, 78, 35, 57, 79, 36, 58, 38, 39, 60, 61, 40, 62, 63, 42, 64, 21, 43, 65] -> [57, 46, 35, 69, 36, 58, 48, 51, 40, 74, 31, 54]
Average: Precision: 1.0   Recall: 0.46793136
Average F1: 0.63753843
RANKING PARTIZIONE: 40.0
****************************************
****************************************
[0] -> [0]
[11, 12, 3, 14, 4, 5, 16, 17, 18] -> [17]
[22, 44, 66, 45, 67, 24, 46, 25, 69, 26, 48, 49, 29, 70, 50, 51, 73, 30, 74, 31, 53, 32, 54, 78, 35, 57, 79, 36, 58, 38, 39, 60, 61, 40, 62, 63, 42, 64, 21, 43, 65] -> [57, 46, 35, 69, 36, 58, 48, 51, 40, 74, 31, 54]
Average: Precision: 1.0   Recall: 0.46793136
Average F1: 0.63753843
RANKING PARTIZIONE: 40.0
****************************************
****************************************
[0] -> [0]
[11, 12, 3, 14, 4, 5, 16, 17, 18] -> [17]
[22, 44, 66, 45, 67, 24, 46, 25, 69, 26, 48, 49, 29, 70, 50, 51, 73, 30, 74, 31, 53, 32, 54, 78, 35, 57, 79, 36, 58, 38, 39, 60, 61, 40, 62, 63, 42, 64, 21, 43, 65] -> [57, 46, 35, 69, 36, 58, 48, 51, 40, 74, 31, 54]
Average: Precision: 1.0   Recall: 0.46793136
Average F1: 0.63753843
RANKING PARTIZIONE: 40.0
****************************************
****************************************
[0] -> [0]
[11, 12, 3, 14, 4, 5, 16, 17, 18] -> [17]
[22, 44, 66, 45, 67, 24, 46, 25, 69, 26, 48, 49, 29, 70, 50, 51, 73, 30, 74, 31, 53, 32, 54, 78, 35, 57, 79, 36, 58, 38, 39, 60, 61, 40, 62, 63, 42, 64, 21, 43, 65] -> [57, 46, 35, 69, 36, 58, 48, 51, 40, 74, 31, 54]
Average: Precision: 1.0   Recall: 0.46793136
Average F1: 0.63753843
RANKING PARTIZIONE: 40.0
****************************************
****************************************
[0] -> [0]
[11, 12, 3, 14, 4, 5, 16, 17, 18] -> [17]
[22, 44, 66, 45, 67, 24, 46, 25, 69, 26, 48, 49, 29, 70, 50, 51, 73, 30, 74, 31, 53, 32, 54, 78, 35, 57, 79, 36, 58, 38, 39, 60, 61, 40, 62, 63, 42, 64, 21, 43, 65] -> [22, 44, 45, 78, 67, 79, 46, 48, 49, 50, 73, 62, 30, 63, 64, 42]
Average: Precision: 1.0   Recall: 0.5004517
Average F1: 0.66706806
RANKING PARTIZIONE: 50.0
****************************************
****************************************
[0] -> [0]
[11, 12, 3, 14, 4, 5, 16, 17, 18] -> [17]
[22, 44, 66, 45, 67, 24, 46, 25, 69, 26, 48, 49, 29, 70, 50, 51, 73, 30, 74, 31, 53, 32, 54, 78, 35, 57, 79, 36, 58, 38, 39, 60, 61, 40, 62, 63, 42, 64, 21, 43, 65] -> [22, 44, 45, 78, 67, 79, 46, 48, 49, 50, 73, 62, 30, 63, 64, 42]
Average: Precision: 1.0   Recall: 0.5004517
Average F1: 0.66706806
RANKING PARTIZIONE: 50.0
****************************************
****************************************
[0] -> [0]
[11, 12, 3, 14, 4, 5, 16, 17, 18] -> [17]
[22, 44, 66, 45, 67, 24, 46, 25, 69, 26, 48, 49, 29, 70, 50, 51, 73, 30, 74, 31, 53, 32, 54, 78, 35, 57, 79, 36, 58, 38, 39, 60, 61, 40, 62, 63, 42, 64, 21, 43, 65] -> [57, 46, 35, 69, 36, 58, 48, 51, 40, 74, 31, 54]
Average: Precision: 1.0   Recall: 0.46793136
Average F1: 0.63753843
RANKING PARTIZIONE: 40.0
****************************************
EXECUTION TIME: 879 seconds