Website: theMovieDB Range: 6 Best: 2
****************************************
[0] -> [0]
[23] -> [33, 44, 23, 45, 34, 46, 35, 25, 47, 26, 37, 48, 49, 38, 27, 39, 50, 40, 52, 31, 53, 42, 32, 43]
[1, 2, 3, 4, 5, 6, 7, 9, 10] -> [7, 9, 10]
[27] -> [3]
[25, 26] -> [24, 28, 29]
[33, 44, 34, 45, 35, 46, 47, 37, 48, 38, 49, 39, 50, 40, 52, 31, 42, 53, 32, 43] -> [56]
[22, 55, 12, 56, 30, 54] -> [55]
[24, 28, 29] -> [1]
Average: Precision: 0.3802083   Recall: 0.3125
Average F1: 0.3430451
RANKING PARTIZIONE: 70.0
****************************************
****************************************
[0] -> [0]
[23] -> [33, 44, 23, 45, 34, 46, 35, 25, 47, 26, 37, 48, 49, 38, 27, 39, 50, 40, 52, 31, 53, 42, 32, 43]
[1, 2, 3, 4, 5, 6, 7, 9, 10] -> [3, 6]
[27] -> [24, 28, 29]
[25, 26] -> [56]
[33, 44, 34, 45, 35, 46, 47, 37, 48, 38, 49, 39, 50, 40, 52, 31, 42, 53, 32, 43] -> [1]
[22, 55, 12, 56, 30, 54] -> [55]
[24, 28, 29] -> [2]
Average: Precision: 0.3802083   Recall: 0.29861113
Average F1: 0.33450556
RANKING PARTIZIONE: 70.0
****************************************
****************************************
[0] -> [0]
[23] -> [33, 44, 23, 45, 34, 46, 35, 25, 47, 26, 37, 48, 49, 38, 27, 39, 50, 40, 52, 31, 53, 42, 32, 43]
[1, 2, 3, 4, 5, 6, 7, 9, 10] -> [7, 9, 10]
[27] -> [24, 28, 29]
[25, 26] -> [56]
[33, 44, 34, 45, 35, 46, 47, 37, 48, 38, 49, 39, 50, 40, 52, 31, 42, 53, 32, 43] -> [1]
[22, 55, 12, 56, 30, 54] -> [55]
[24, 28, 29] -> [3, 6]
Average: Precision: 0.3802083   Recall: 0.3125
Average F1: 0.3430451
RANKING PARTIZIONE: 80.0
****************************************
EXECUTION TIME: 705 seconds