Website: vivereMarche Range: 6 Best: 2
****************************************
[0] -> [0]
[1, 2, 3] -> [1, 2, 3]
[11, 4, 5, 6, 7, 8, 9, 10] -> [11, 5, 6, 7, 8, 9, 10]
[22, 44, 24, 47, 48, 28, 50, 51, 30, 52, 31, 53, 32, 33, 55, 12, 56, 13, 57, 36, 58, 15, 38, 17, 18, 19, 60, 61, 40, 41, 20, 21, 43] -> [44, 22, 24, 47, 48, 28, 50, 51, 30, 52, 31, 53, 32, 55, 33, 12, 56, 57, 13, 36, 58, 15, 38, 17, 18, 19, 60, 61, 40, 41, 20, 21, 43]
Average: Precision: 1.0   Recall: 0.96875
Average F1: 0.984127
RANKING PARTIZIONE: 300.0
****************************************
****************************************
[0] -> [0]
[1, 2, 3] -> [3]
[11, 4, 5, 6, 7, 8, 9, 10] -> [11, 5, 6, 7, 8, 9, 10]
[22, 44, 24, 47, 48, 28, 50, 51, 30, 52, 31, 53, 32, 33, 55, 12, 56, 13, 57, 36, 58, 15, 38, 17, 18, 19, 60, 61, 40, 41, 20, 21, 43] -> [44, 22, 24, 47, 48, 28, 50, 51, 30, 52, 31, 53, 32, 55, 33, 12, 56, 57, 13, 36, 58, 15, 38, 17, 18, 19, 60, 61, 40, 41, 20, 21, 43]
Average: Precision: 1.0   Recall: 0.8020834
Average F1: 0.89017344
RANKING PARTIZIONE: 330.0
****************************************
****************************************
[0] -> [0]
[1, 2, 3] -> [1, 2]
[11, 4, 5, 6, 7, 8, 9, 10] -> [11, 5, 6, 7, 8, 9, 10]
[22, 44, 24, 47, 48, 28, 50, 51, 30, 52, 31, 53, 32, 33, 55, 12, 56, 13, 57, 36, 58, 15, 38, 17, 18, 19, 60, 61, 40, 41, 20, 21, 43] -> [44, 22, 24, 47, 48, 28, 50, 51, 30, 52, 31, 53, 32, 55, 33, 12, 56, 57, 13, 36, 58, 15, 38, 17, 18, 19, 60, 61, 40, 41, 20, 21, 43]
Average: Precision: 1.0   Recall: 0.8854167
Average F1: 0.9392265
RANKING PARTIZIONE: 300.0
****************************************
EXECUTION TIME: 1341 seconds