Website: wmePoint Range: 6 Best: 2
****************************************
[0] -> [0]
[88, 89, 26, 27, 100, 5, 90, 8, 91, 92, 93, 84, 95, 31, 42, 86, 98] -> [88, 89, 26, 27, 100, 5, 90, 8, 91, 92, 93, 95, 84, 86, 42, 31, 98]
[77, 56, 78, 79, 110, 2, 101, 123, 3, 102, 113, 4, 114, 104, 107, 118, 81, 108, 82, 109, 75, 76] -> [77, 56, 78, 2, 123, 79, 3, 4, 81, 75, 76]
Average: Precision: 1.0   Recall: 0.8333333
Average F1: 0.90909094
RANKING PARTIZIONE: 220.0
****************************************
****************************************
[0] -> [0]
[88, 89, 26, 27, 100, 5, 90, 8, 91, 92, 93, 84, 95, 31, 42, 86, 98] -> [88, 89, 26, 27, 100, 5, 90, 8, 91, 92, 93, 95, 84, 86, 42, 31, 98]
[77, 56, 78, 79, 110, 2, 101, 123, 3, 102, 113, 4, 114, 104, 107, 118, 81, 108, 82, 109, 75, 76] -> [2, 3, 4]
Average: Precision: 1.0   Recall: 0.71212125
Average F1: 0.83185846
RANKING PARTIZIONE: 260.0
****************************************
EXECUTION TIME: 1294 seconds