Website: workShopItaly Range: 6 Best: 2
****************************************
[0] -> [0]
[4] -> [4]
[66, 67, 68, 69, 110, 111, 112, 113, 114, 115, 116, 90, 117, 118, 70, 119, 71, 72, 73, 74, 75, 97, 76, 380, 2, 102, 109, 64, 65] -> [66, 67, 68, 69, 110, 111, 113, 114, 115, 116, 90, 117, 118, 70, 72, 73, 75, 97, 76, 380, 2, 102, 5, 6, 109, 64, 65]
[5, 6] -> [71]
Average: Precision: 0.7314815   Recall: 0.7155172
Average F1: 0.7234113
RANKING PARTIZIONE: 100.0
****************************************
****************************************
[0] -> [66, 67, 68, 69, 110, 111, 113, 114, 115, 116, 90, 117, 118, 70, 72, 73, 75, 97, 76, 380, 0, 2, 102, 4, 5, 6, 109, 64, 65]
[4] -> [71]
[66, 67, 68, 69, 110, 111, 112, 113, 114, 115, 116, 90, 117, 118, 70, 119, 71, 72, 73, 74, 75, 97, 76, 380, 2, 102, 109, 64, 65] -> [112]
[5, 6] -> [74]
Average: Precision: 0.25862068   Recall: 0.25862068
Average F1: 0.25862068
RANKING PARTIZIONE: 200.0
****************************************
EXECUTION TIME: 4561 seconds