Website: altoAdige Range: 4
****************************************
[0] -> [0]
[22, 23, 45, 24, 46, 25, 26, 48, 27, 49, 28, 51, 30, 52, 31, 53, 32, 54, 33, 55, 12, 34, 13, 35, 14, 36, 15, 37, 59, 16, 38, 39, 19, 40, 41, 20, 42, 21, 43] -> [55, 13, 15, 48, 30, 52, 53, 42, 32, 54]
[11, 2, 4, 5, 6, 7, 8, 9, 10] -> [2, 8]
Average: Precision: 1.0   Recall: 0.49287748
Average F1: 0.6603053
****************************************
****************************************
[0] -> [0]
[22, 23, 45, 24, 46, 25, 26, 48, 27, 49, 28, 51, 30, 52, 31, 53, 32, 54, 33, 55, 12, 34, 13, 35, 14, 36, 15, 37, 59, 16, 38, 39, 19, 40, 41, 20, 42, 21, 43] -> [55, 13, 15, 48, 30, 52, 53, 42, 32, 54]
[11, 2, 4, 5, 6, 7, 8, 9, 10] -> [6, 8]
Average: Precision: 1.0   Recall: 0.49287748
Average F1: 0.6603053
****************************************
****************************************
[0] -> [0]
[22, 23, 45, 24, 46, 25, 26, 48, 27, 49, 28, 51, 30, 52, 31, 53, 32, 54, 33, 55, 12, 34, 13, 35, 14, 36, 15, 37, 59, 16, 38, 39, 19, 40, 41, 20, 42, 21, 43] -> [55, 33, 34, 46, 35, 14, 36, 15, 37, 49, 38, 39, 41, 31, 42, 32, 21, 43]
[11, 2, 4, 5, 6, 7, 8, 9, 10] -> [6, 8]
Average: Precision: 1.0   Recall: 0.56125355
Average F1: 0.7189781
****************************************
EXECUTION TIME: 275 seconds