Website: casertaWeb Range: 4
****************************************
[44, 45, 46, 25, 47, 26, 48, 27, 49, 28, 50, 51, 30, 52, 31, 53, 32, 54, 33, 35, 36, 37, 38, 40, 41, 42, 43] -> [44, 45, 23, 46, 25, 47, 48, 49, 27, 28, 50, 51, 52, 31, 53, 54, 32, 11, 33, 35, 36, 37, 38, 0, 40, 42]
[0, 23] -> [26]
[22, 24, 29, 10, 11, 12, 34, 13, 14, 15, 16, 17, 39, 18, 19, 1, 2, 3, 4, 5, 6, 7, 8, 9, 20, 21] -> [34]
Average: Precision: 0.6282051   Recall: 0.29677114
Average F1: 0.40310907
****************************************
****************************************
[44, 45, 46, 25, 47, 26, 48, 27, 49, 28, 50, 51, 30, 52, 31, 53, 32, 54, 33, 35, 36, 37, 38, 40, 41, 42, 43] -> [33, 25, 26, 49, 50, 52, 53, 32]
[0, 23] -> [0, 23]
[22, 24, 29, 10, 11, 12, 34, 13, 14, 15, 16, 17, 39, 18, 19, 1, 2, 3, 4, 5, 6, 7, 8, 9, 20, 21] -> [34]
Average: Precision: 1.0   Recall: 0.44491932
Average F1: 0.61583966
****************************************
****************************************
[44, 45, 46, 25, 47, 26, 48, 27, 49, 28, 50, 51, 30, 52, 31, 53, 32, 54, 33, 35, 36, 37, 38, 40, 41, 42, 43] -> [44, 25, 26, 38, 49, 50, 51]
[0, 23] -> [0]
[22, 24, 29, 10, 11, 12, 34, 13, 14, 15, 16, 17, 39, 18, 19, 1, 2, 3, 4, 5, 6, 7, 8, 9, 20, 21] -> [34]
Average: Precision: 1.0   Recall: 0.26590693
Average F1: 0.420105
****************************************
EXECUTION TIME: 514 seconds