Website: ecoDiTrapani Range: 4
****************************************
[0] -> [0]
[44, 45, 46, 47, 26, 48, 27, 49, 28, 29, 50, 51, 30, 52, 31, 53, 32, 54, 33, 55, 34, 56, 35, 57, 36, 58, 37, 59, 38, 39, 60, 61, 40, 62, 41, 63, 42, 64, 43] -> [44, 45, 47, 48, 49, 27, 50, 51, 52, 54, 32, 33, 55, 56, 57, 35, 36, 58, 37, 59, 38, 39, 61, 62, 40, 63, 41, 42, 64, 43]
[22, 23, 24, 25, 10, 11, 12, 13, 14, 15, 16, 17, 18, 19, 1, 2, 3, 4, 5, 6, 7, 8, 9, 20, 21] -> [22, 23, 46, 24, 25, 30, 31, 10, 11, 12, 13, 14, 15, 16, 17, 18, 19, 1, 2, 3, 4, 5, 6, 7, 8, 9, 20, 21]
Average: Precision: 0.9642857   Recall: 0.9230769
Average F1: 0.9432314
****************************************
****************************************
[0] -> [44, 45, 46, 47, 48, 49, 50, 51, 52, 53, 54, 10, 11, 55, 12, 56, 13, 57, 14, 58, 15, 59, 16, 17, 18, 19, 0, 6, 7, 8, 9, 60, 61, 62, 63, 64, 20, 21, 22, 23, 24, 25, 26, 27, 28, 29, 30, 31, 32, 33, 34, 35, 36, 37, 38, 39, 40, 41, 42, 43]
[44, 45, 46, 47, 26, 48, 27, 49, 28, 29, 50, 51, 30, 52, 31, 53, 32, 54, 33, 55, 34, 56, 35, 57, 36, 58, 37, 59, 38, 39, 60, 61, 40, 62, 41, 63, 42, 64, 43] -> [1, 2, 3, 4, 5]
[22, 23, 24, 25, 10, 11, 12, 13, 14, 15, 16, 17, 18, 19, 1, 2, 3, 4, 5, 6, 7, 8, 9, 20, 21] -> []
Average: Precision: 0.0055555557   Recall: 0.33333334
Average F1: 0.010928961
****************************************
****************************************
[0] -> [0, 4]
[44, 45, 46, 47, 26, 48, 27, 49, 28, 29, 50, 51, 30, 52, 31, 53, 32, 54, 33, 55, 34, 56, 35, 57, 36, 58, 37, 59, 38, 39, 60, 61, 40, 62, 41, 63, 42, 64, 43] -> [44, 45, 47, 48, 49, 27, 50, 51, 52, 54, 32, 33, 55, 56, 57, 35, 36, 58, 37, 59, 38, 39, 61, 62, 40, 63, 41, 42, 64, 43]
[22, 23, 24, 25, 10, 11, 12, 13, 14, 15, 16, 17, 18, 19, 1, 2, 3, 4, 5, 6, 7, 8, 9, 20, 21] -> [22, 23, 46, 24, 25, 10, 11, 12, 13, 14, 15, 16, 17, 18, 19, 1, 2, 3, 5, 6, 7, 8, 9, 20, 21]
Average: Precision: 0.82   Recall: 0.9097436
Average F1: 0.8625437
****************************************
EXECUTION TIME: 406 seconds