Website: ecoFarma Range: 4
****************************************
[0] -> [0]
[60] -> [45, 23, 46, 25, 47, 51, 30, 53, 54, 10, 32, 11, 55, 12, 56, 57, 58, 36, 59, 16, 17, 100, 4, 5, 8, 9, 60, 40, 43]
[23, 45, 46, 25, 47, 51, 30, 53, 10, 32, 54, 11, 55, 12, 56, 57, 36, 58, 59, 16, 17, 100, 4, 5, 8, 9, 40, 43] -> [86, 87]
[99, 78, 89, 79, 92, 82, 93, 94, 84, 85, 86, 97, 76, 87, 98] -> [92, 82, 98]
Average: Precision: 0.5086207   Recall: 0.55
Average F1: 0.52850163
****************************************
****************************************
[0] -> [0]
[60] -> [45, 23, 46, 25, 47, 51, 30, 53, 54, 10, 32, 11, 55, 12, 56, 57, 58, 36, 59, 16, 17, 100, 4, 5, 8, 9, 60, 40, 43]
[23, 45, 46, 25, 47, 51, 30, 53, 10, 32, 54, 11, 55, 12, 56, 57, 36, 58, 59, 16, 17, 100, 4, 5, 8, 9, 40, 43] -> [89]
[99, 78, 89, 79, 92, 82, 93, 94, 84, 85, 86, 97, 76, 87, 98] -> [99, 82]
Average: Precision: 0.5086207   Recall: 0.53333336
Average F1: 0.52068394
****************************************
****************************************
[0] -> [0]
[60] -> [45, 23, 46, 25, 47, 51, 30, 53, 54, 10, 32, 11, 55, 12, 56, 57, 58, 36, 59, 16, 17, 100, 4, 5, 8, 9, 60, 40, 43]
[23, 45, 46, 25, 47, 51, 30, 53, 10, 32, 54, 11, 55, 12, 56, 57, 36, 58, 59, 16, 17, 100, 4, 5, 8, 9, 40, 43] -> [89]
[99, 78, 89, 79, 92, 82, 93, 94, 84, 85, 86, 97, 76, 87, 98] -> [78, 85]
Average: Precision: 0.5086207   Recall: 0.53333336
Average F1: 0.52068394
****************************************
EXECUTION TIME: 851 seconds