Website: findus Range: 4
****************************************
[0] -> [0]
[12, 23, 13, 24, 14, 25, 16, 17, 3, 4, 5, 7, 8, 9, 31, 10, 21] -> [12, 23, 13, 24, 14, 25, 16, 3, 4, 5, 7, 8, 9, 31, 10]
[11, 33, 44, 34, 56, 59, 38, 49, 39, 40, 30, 41, 42, 54] -> [44]
[88, 90, 80, 91, 81, 92, 82, 83, 94, 95, 96, 86, 87] -> [90]
Average: Precision: 1.0   Recall: 0.5076761
Average F1: 0.6734552
****************************************
****************************************
[0] -> [0]
[12, 23, 13, 24, 14, 25, 16, 17, 3, 4, 5, 7, 8, 9, 31, 10, 21] -> [24, 25, 5, 16, 7, 8, 9, 31, 21, 10]
[11, 33, 44, 34, 56, 59, 38, 49, 39, 40, 30, 41, 42, 54] -> [44]
[88, 90, 80, 91, 81, 92, 82, 83, 94, 95, 96, 86, 87] -> [90]
Average: Precision: 1.0   Recall: 0.43414676
Average F1: 0.6054426
****************************************
****************************************
[0] -> [0]
[12, 23, 13, 24, 14, 25, 16, 17, 3, 4, 5, 7, 8, 9, 31, 10, 21] -> [12, 23, 13, 24, 14, 25, 16, 3, 4, 5, 7, 8, 9, 31, 10]
[11, 33, 44, 34, 56, 59, 38, 49, 39, 40, 30, 41, 42, 54] -> [44]
[88, 90, 80, 91, 81, 92, 82, 83, 94, 95, 96, 86, 87] -> [88, 90, 91, 80, 92, 81, 82, 83, 94, 95, 96, 86, 87]
Average: Precision: 1.0   Recall: 0.7384454
Average F1: 0.84954685
****************************************
EXECUTION TIME: 477 seconds