Website: liguriaNotizie Range: 4
****************************************
[0] -> [0]
[22, 44, 66, 23, 67, 24, 46, 68, 47, 69, 48, 27, 49, 28, 50, 72, 51, 73, 52, 74, 31, 53, 33, 55, 34, 56, 35, 57, 36, 58, 37, 59, 39, 18, 19, 61, 40, 62, 41, 63, 20, 42, 64, 21, 43, 65] -> [44, 56, 24, 69, 59, 27, 39, 28, 42]
[11, 12, 13, 14, 16, 17, 1, 2, 3, 4, 5, 6, 8] -> [8]
Average: Precision: 1.0   Recall: 0.42419174
Average F1: 0.5956947
****************************************
****************************************
[0] -> [0]
[22, 44, 66, 23, 67, 24, 46, 68, 47, 69, 48, 27, 49, 28, 50, 72, 51, 73, 52, 74, 31, 53, 33, 55, 34, 56, 35, 57, 36, 58, 37, 59, 39, 18, 19, 61, 40, 62, 41, 63, 20, 42, 64, 21, 43, 65] -> [23, 67, 24, 69, 49, 27, 50, 52]
[11, 12, 13, 14, 16, 17, 1, 2, 3, 4, 5, 6, 8] -> [3]
Average: Precision: 1.0   Recall: 0.41694537
Average F1: 0.588513
****************************************
****************************************
[0] -> [0]
[22, 44, 66, 23, 67, 24, 46, 68, 47, 69, 48, 27, 49, 28, 50, 72, 51, 73, 52, 74, 31, 53, 33, 55, 34, 56, 35, 57, 36, 58, 37, 59, 39, 18, 19, 61, 40, 62, 41, 63, 20, 42, 64, 21, 43, 65] -> [23, 67, 24, 69, 49, 27, 50, 52]
[11, 12, 13, 14, 16, 17, 1, 2, 3, 4, 5, 6, 8] -> [3]
Average: Precision: 1.0   Recall: 0.41694537
Average F1: 0.588513
****************************************
EXECUTION TIME: 742 seconds