Website: mobileShop Range: 4
****************************************
[0] -> [0]
[22, 88, 23, 89, 114, 115, 116, 90, 117, 118, 119, 14, 15, 16, 17, 18, 19, 120, 1, 123, 7, 8, 80, 81, 82, 83, 20, 21] -> [22, 88, 23, 89, 115, 116, 117, 90, 118, 119, 14, 15, 16, 17, 18, 19, 120, 1, 123, 2, 80, 8, 81, 82, 83, 20, 21]
[11, 12, 2, 13, 35, 3, 4, 5, 6, 72, 10] -> [11, 12, 35, 13, 3, 4, 5, 6, 72, 10]
Average: Precision: 0.9876544   Recall: 0.9458875
Average F1: 0.96631986
****************************************
****************************************
[0] -> [0]
[22, 88, 23, 89, 114, 115, 116, 90, 117, 118, 119, 14, 15, 16, 17, 18, 19, 120, 1, 123, 7, 8, 80, 81, 82, 83, 20, 21] -> [22, 88, 23, 89, 114, 115, 116, 117, 90, 118, 119, 72, 10, 11, 12, 13, 35, 14, 15, 16, 17, 18, 19, 120, 1, 123, 2, 3, 4, 5, 6, 7, 80, 8, 81, 82, 83, 20, 21]
[11, 12, 2, 13, 35, 3, 4, 5, 6, 72, 10] -> []
Average: Precision: 0.57264954   Recall: 0.6666667
Average F1: 0.61609197
****************************************
EXECUTION TIME: 278 seconds