Website: paniereBio Range: 4
****************************************
[0] -> [0]
[22, 23, 24, 25, 26, 170, 171, 172, 173, 152, 153, 154, 155, 156, 179, 11, 12, 13, 14, 15, 17, 180, 165, 166, 145, 167, 146, 168, 147, 169, 148, 6, 127, 149, 8, 107, 9, 108, 20] -> [11, 12, 13, 14, 15, 17, 180, 171, 166, 168, 6, 8, 107, 108, 9, 20]
[1, 2, 3, 4, 5] -> [4]
Average: Precision: 1.0   Recall: 0.53675216
Average F1: 0.6985539
****************************************
****************************************
[0] -> [0]
[22, 23, 24, 25, 26, 170, 171, 172, 173, 152, 153, 154, 155, 156, 179, 11, 12, 13, 14, 15, 17, 180, 165, 166, 145, 167, 146, 168, 147, 169, 148, 6, 127, 149, 8, 107, 9, 108, 20] -> [25, 180]
[1, 2, 3, 4, 5] -> [4]
Average: Precision: 1.0   Recall: 0.41709402
Average F1: 0.5886611
****************************************
****************************************
[0] -> [0, 1]
[22, 23, 24, 25, 26, 170, 171, 172, 173, 152, 153, 154, 155, 156, 179, 11, 12, 13, 14, 15, 17, 180, 165, 166, 145, 167, 146, 168, 147, 169, 148, 6, 127, 149, 8, 107, 9, 108, 20] -> [11, 12, 13, 14, 15, 17, 180, 171, 166, 168, 6, 8, 107, 108, 9, 20]
[1, 2, 3, 4, 5] -> [4]
Average: Precision: 0.8333333   Recall: 0.53675216
Average F1: 0.6529424
****************************************
EXECUTION TIME: 360 seconds