Website: pskMegaStore Range: 4
****************************************
[0] -> [0]
[2] -> [48, 49, 39, 590, 591, 570, 1, 452, 453, 2, 3, 575, 454, 455, 4, 577, 456, 457, 567, 568, 458, 569, 50]
[66, 67, 68, 69, 48, 49, 590, 591, 570, 452, 453, 454, 575, 455, 456, 577, 457, 458, 70, 559, 50, 31, 39, 561, 1, 3, 4, 567, 568, 569] -> [31]
[583, 78, 585, 459, 71, 62, 460, 582] -> [585, 71, 62, 582]
Average: Precision: 0.76086956   Recall: 0.6333333
Average F1: 0.69126815
****************************************
****************************************
[0] -> [0]
[2] -> [48, 49, 39, 590, 591, 570, 1, 452, 453, 2, 3, 575, 454, 455, 4, 577, 456, 457, 567, 568, 458, 569, 50]
[66, 67, 68, 69, 48, 49, 590, 591, 570, 452, 453, 454, 575, 455, 456, 577, 457, 458, 70, 559, 50, 31, 39, 561, 1, 3, 4, 567, 568, 569] -> [31]
[583, 78, 585, 459, 71, 62, 460, 582] -> [78, 585, 459, 71, 62, 460, 582]
Average: Precision: 0.76086956   Recall: 0.7270833
Average F1: 0.7435928
****************************************
****************************************
[0] -> [0]
[2] -> [66, 67, 68, 69, 48, 49, 590, 591, 570, 452, 453, 575, 454, 455, 456, 577, 457, 458, 559, 70, 50, 31, 39, 561, 1, 2, 3, 4, 567, 568, 569]
[66, 67, 68, 69, 48, 49, 590, 591, 570, 452, 453, 454, 575, 455, 456, 577, 457, 458, 70, 559, 50, 31, 39, 561, 1, 3, 4, 567, 568, 569] -> [459]
[583, 78, 585, 459, 71, 62, 460, 582] -> [585, 71, 62, 582]
Average: Precision: 0.5080645   Recall: 0.625
Average F1: 0.56049824
****************************************
EXECUTION TIME: 1715 seconds