Website: theMovieDB Range: 4
****************************************
[0] -> [0]
[23] -> [33, 44, 23, 45, 34, 46, 35, 25, 47, 26, 37, 48, 49, 38, 27, 39, 50, 40, 52, 31, 53, 42, 32, 43]
[1, 2, 3, 4, 5, 6, 7, 9, 10] -> [3, 6]
[27] -> [22]
[25, 26] -> [4]
[33, 44, 34, 45, 35, 46, 47, 37, 48, 38, 49, 39, 50, 40, 52, 31, 42, 53, 32, 43] -> [2]
[22, 55, 12, 56, 30, 54] -> [55]
[24, 28, 29] -> [29]
Average: Precision: 0.5052083   Recall: 0.3402778
Average F1: 0.40665638
****************************************
****************************************
[0] -> [0]
[23] -> [33, 44, 23, 45, 34, 46, 35, 25, 47, 26, 37, 48, 49, 38, 27, 39, 50, 40, 52, 31, 53, 42, 32, 43]
[1, 2, 3, 4, 5, 6, 7, 9, 10] -> [7, 9]
[27] -> [22]
[25, 26] -> [4]
[33, 44, 34, 45, 35, 46, 47, 37, 48, 38, 49, 39, 50, 40, 52, 31, 42, 53, 32, 43] -> [2]
[22, 55, 12, 56, 30, 54] -> [55]
[24, 28, 29] -> [29]
Average: Precision: 0.5052083   Recall: 0.3402778
Average F1: 0.40665638
****************************************
****************************************
[0] -> [0]
[23] -> [33, 44, 23, 45, 34, 46, 35, 25, 47, 26, 37, 48, 49, 38, 27, 39, 50, 40, 52, 31, 53, 42, 32, 43]
[1, 2, 3, 4, 5, 6, 7, 9, 10] -> [9, 10]
[27] -> [22]
[25, 26] -> [4]
[33, 44, 34, 45, 35, 46, 47, 37, 48, 38, 49, 39, 50, 40, 52, 31, 42, 53, 32, 43] -> [2]
[22, 55, 12, 56, 30, 54] -> [55]
[24, 28, 29] -> [29]
Average: Precision: 0.5052083   Recall: 0.3402778
Average F1: 0.40665638
****************************************
EXECUTION TIME: 780 seconds