Website: unioneSarda Range: 4
****************************************
[0] -> [0, 1, 23, 15]
[38, 19, 220, 210, 221, 211, 212, 114, 213, 214, 215, 216, 217, 207, 218, 208, 219, 61, 209, 62, 65] -> [36, 19, 220, 210, 221, 212, 214, 215, 216, 217, 207, 208, 219, 209, 61, 63, 65]
[11, 22, 15, 16, 17, 18, 1, 2, 3, 4, 5, 6, 7, 8, 9, 10, 21] -> [11]
[23] -> [218]
[24] -> [24]
[36, 37, 63, 64] -> [64]
Average: Precision: 0.6887255   Recall: 0.5038516
Average F1: 0.5819589
****************************************
****************************************
[0] -> [0]
[38, 19, 220, 210, 221, 211, 212, 114, 213, 214, 215, 216, 217, 207, 218, 208, 219, 61, 209, 62, 65] -> [36, 217, 219, 62]
[11, 22, 15, 16, 17, 18, 1, 2, 3, 4, 5, 6, 7, 8, 9, 10, 21] -> [15, 5, 6]
[23] -> [23]
[24] -> [24]
[36, 37, 63, 64] -> [64]
Average: Precision: 0.9583333   Recall: 0.594888
Average F1: 0.73408854
****************************************
****************************************
[0] -> [0]
[38, 19, 220, 210, 221, 211, 212, 114, 213, 214, 215, 216, 217, 207, 218, 208, 219, 61, 209, 62, 65] -> [36, 38, 19, 220, 221, 211, 212, 114, 213, 214, 215, 217, 218, 207, 219, 62, 63, 65]
[11, 22, 15, 16, 17, 18, 1, 2, 3, 4, 5, 6, 7, 8, 9, 10, 21] -> [15, 5, 6]
[23] -> [23]
[24] -> [24]
[36, 37, 63, 64] -> [64]
Average: Precision: 0.9814815   Recall: 0.6980626
Average F1: 0.81585896
****************************************
EXECUTION TIME: 601 seconds